# im ir ii xm ym wm hm lm rm
1 0 0 0.287414 0.030711 56.100000 43.538490 100.486475 289.050000
2 0 0 0.117110 0.264263 56.100000 43.538490 100.486475 289.050000
3 0 0 -0.170304 0.233552 56.100000 43.538490 100.486475 289.050000
4 0 0 -0.287414 -0.030711 56.100000 43.538490 100.486475 289.050000
5 0 0 -0.117110 -0.264263 56.100000 43.538490 100.486475 289.050000
6 0 0 0.170304 -0.233552 56.100000 43.538490 100.486475 289.050000
7 0 1 0.275964 0.085986 56.100000 43.538490 100.486475 289.050000
8 0 1 0.063516 0.281985 56.100000 43.538490 100.486475 289.050000
9 0 1 -0.212448 0.195999 56.100000 43.538490 100.486475 289.050000
10 0 1 -0.275964 -0.085986 56.100000 43.538490 100.486475 289.050000
11 0 1 -0.063516 -0.281985 56.100000 43.538490 100.486475 289.050000
12 0 1 0.212448 -0.195999 56.100000 43.538490 100.486475 289.050000
13 0 2 0.253990 0.137982 56.100000 43.538490 100.486475 289.050000
14 0 2 0.007499 0.288953 56.100000 43.538490 100.486475 289.050000
15 0 2 -0.246491 0.150971 56.100000 43.538490 100.486475 289.050000
16 0 2 -0.253990 -0.137982 56.100000 43.538490 100.486475 289.050000
17 0 2 -0.007499 -0.288953 56.100000 43.538490 100.486475 289.050000
18 0 2 0.246491 -0.150971 56.100000 43.538490 100.486475 289.050000
19 0 3 0.222329 0.184715 56.100000 43.538490 100.486475 289.050000
20 0 3 -0.048804 0.284900 56.100000 43.538490 100.486475 289.050000
21 0 3 -0.271133 0.100185 56.100000 43.538490 100.486475 289.050000
22 0 3 -0.222329 -0.184715 56.100000 43.538490 100.486475 289.050000
23 0 3 0.048804 -0.284900 56.100000 43.538490 100.486475 289.050000
24 0 3 0.271133 -0.100185 56.100000 43.538490 100.486475 289.050000
25 0 4 0.182189 0.224404 56.100000 43.538490 100.486475 289.050000
26 0 4 -0.103245 0.269982 56.100000 43.538490 100.486475 289.050000
27 0 4 -0.285434 0.045578 56.100000 43.538490 100.486475 289.050000
28 0 4 -0.182189 -0.224404 56.100000 43.538490 100.486475 289.050000
29 0 4 0.103245 -0.269982 56.100000 43.538490 100.486475 289.050000
30 0 4 0.285434 -0.045578 56.100000 43.538490 100.486475 289.050000
31 1 0 0.349740 0.031435 56.100000 44.953903 82.723301 351.150000
32 1 0 0.147647 0.318601 56.100000 44.953903 82.723301 351.150000
33 1 0 -0.202093 0.287166 56.100000 44.953903 82.723301 351.150000
34 1 0 -0.349740 -0.031435 56.100000 44.953903 82.723301 351.150000
35 1 0 -0.147647 -0.318601 56.100000 44.953903 82.723301 351.150000
36 1 0 0.202093 -0.287166 56.100000 44.953903 82.723301 351.150000
37 1 1 0.339823 0.088467 56.100000 44.953903 82.723301 351.150000
38 1 1 0.093297 0.338529 56.100000 44.953903 82.723301 351.150000
39 1 1 -0.246527 0.250062 56.100000 44.953903 82.723301 351.150000
40 1 1 -0.339823 -0.088467 56.100000 44.953903 82.723301 351.150000
41 1 1 -0.093297 -0.338529 56.100000 44.953903 82.723301 351.150000
42 1 1 0.246527 -0.250062 56.100000 44.953903 82.723301 351.150000
43 1 2 0.320671 0.143095 56.100000 44.953903 82.723301 351.150000
44 1 2 0.036411 0.349257 56.100000 44.953903 82.723301 351.150000
45 1 2 -0.284260 0.206162 56.100000 44.953903 82.723301 351.150000
46 1 2 -0.320671 -0.143095 56.100000 44.953903 82.723301 351.150000
47 1 2 -0.036411 -0.349257 56.100000 44.953903 82.723301 351.150000
48 1 2 0.284260 -0.206162 56.100000 44.953903 82.723301 351.150000
49 1 3 0.292804 0.193835 56.100000 44.953903 82.723301 351.150000
50 1 3 -0.021464 0.350493 56.100000 44.953903 82.723301 351.150000
51 1 3 -0.314268 0.156659 56.100000 44.953903 82.723301 351.150000
52 1 3 -0.292804 -0.193835 56.100000 44.953903 82.723301 351.150000
53 1 3 0.021464 -0.350493 56.100000 44.953903 82.723301 351.150000
54 1 3 0.314268 -0.156659 56.100000 44.953903 82.723301 351.150000
55 1 4 0.256980 0.239306 56.100000 44.953903 82.723301 351.150000
56 1 4 -0.078755 0.342205 56.100000 44.953903 82.723301 351.150000
57 1 4 -0.335735 0.102898 56.100000 44.953903 82.723301 351.150000
58 1 4 -0.256980 -0.239306 56.100000 44.953903 82.723301 351.150000
59 1 4 0.078755 -0.342205 56.100000 44.953903 82.723301 351.150000
60 1 4 0.335735 -0.102898 56.100000 44.953903 82.723301 351.150000
61 1 5 0.214172 0.278274 56.100000 44.953903 82.723301 351.150000
62 1 5 -0.133907 0.324616 56.100000 44.953903 82.723301 351.150000
63 1 5 -0.348079 0.046341 56.100000 44.953903 82.723301 351.150000
64 1 5 -0.214172 -0.278274 56.100000 44.953903 82.723301 351.150000
65 1 5 0.133907 -0.324616 56.100000 44.953903 82.723301 351.150000
66 1 5 0.348079 -0.046341 56.100000 44.953903 82.723301 351.150000
67 2 0 0.412013 0.031951 56.100000 45.964913 70.300003 413.250000
68 2 0 0.178337 0.372789 56.100000 45.964913 70.300003 413.250000
69 2 0 -0.233676 0.340838 56.100000 45.964913 70.300003 413.250000
70 2 0 -0.412013 -0.031951 56.100000 45.964913 70.300003 413.250000
71 2 0 -0.178337 -0.372789 56.100000 45.964913 70.300003 413.250000
72 2 0 0.233676 -0.340838 56.100000 45.964913 70.300003 413.250000
73 2 1 0.403283 0.090215 56.100000 45.964913 70.300003 413.250000
74 2 1 0.123513 0.394360 56.100000 45.964913 70.300003 413.250000
75 2 1 -0.279770 0.304145 56.100000 45.964913 70.300003 413.250000
76 2 1 -0.403283 -0.090215 56.100000 45.964913 70.300003 413.250000
77 2 1 -0.123513 -0.394360 56.100000 45.964913 70.300003 413.250000
78 2 1 0.279770 -0.304145 56.100000 45.964913 70.300003 413.250000
79 2 2 0.386355 0.146646 56.100000 45.964913 70.300003 413.250000
80 2 2 0.066179 0.407917 56.100000 45.964913 70.300003 413.250000
81 2 2 -0.320177 0.261271 56.100000 45.964913 70.300003 413.250000
82 2 2 -0.386355 -0.146646 56.100000 45.964913 70.300003 413.250000
83 2 2 -0.066179 -0.407917 56.100000 45.964913 70.300003 413.250000
84 2 2 0.320177 -0.261271 56.100000 45.964913 70.300003 413.250000
85 2 3 0.361576 0.200096 56.100000 45.964913 70.300003 413.250000
86 2 3 0.007500 0.413182 56.100000 45.964913 70.300003 413.250000
87 2 3 -0.354076 0.213086 56.100000 45.964913 70.300003 413.250000
88 2 3 -0.361576 -0.200096 56.100000 45.964913 70.300003 413.250000
89 2 3 -0.007500 -0.413182 56.100000 45.964913 70.300003 413.250000
90 2 3 0.354076 -0.213086 56.100000 45.964913 70.300003 413.250000
91 2 4 0.329447 0.249480 56.100000 45.964913 70.300003 413.250000
92 2 4 -0.051332 0.410049 56.100000 45.964913 70.300003 413.250000
93 2 4 -0.380779 0.160570 56.100000 45.964913 70.300003 413.250000
94 2 4 -0.329447 -0.249480 56.100000 45.964913 70.300003 413.250000
95 2 4 0.051332 -0.410049 56.100000 45.964913 70.300003 413.250000
96 2 4 0.380779 -0.160570 56.100000 45.964913 70.300003 413.250000
97 2 5 0.290623 0.293792 56.100000 45.964913 70.300003 413.250000
98 2 5 -0.109120 0.398583 56.100000 45.964913 70.300003 413.250000
99 2 5 -0.399743 0.104791 56.100000 45.964913 70.300003 413.250000
100 2 5 -0.290623 -0.293792 56.100000 45.964913 70.300003 413.250000
101 2 5 0.109120 -0.398583 56.100000 45.964913 70.300003 413.250000
102 2 5 0.399743 -0.104791 56.100000 45.964913 70.300003 413.250000
103 2 6 0.245891 0.332134 56.100000 45.964913 70.300003 413.250000
104 2 6 -0.164691 0.379015 56.100000 45.964913 70.300003 413.250000
105 2 6 -0.410582 0.046881 56.100000 45.964913 70.300003 413.250000
106 2 6 -0.245891 -0.332134 56.100000 45.964913 70.300003 413.250000
107 2 6 0.164691 -0.379015 56.100000 45.964913 70.300003 413.250000
108 2 6 0.410582 -0.046881 56.100000 45.964913 70.300003 413.250000
109 3 0 0.474249 0.032337 56.100000 46.723169 61.123768 475.350000
110 3 0 0.209120 0.426880 56.100000 46.723169 61.123768 475.350000
111 3 0 -0.265129 0.394543 56.100000 46.723169 61.123768 475.350000
112 3 0 -0.474249 -0.032337 56.100000 46.723169 61.123768 475.350000
113 3 0 -0.209120 -0.426880 56.100000 46.723169 61.123768 475.350000
114 3 0 0.265129 -0.394543 56.100000 46.723169 61.123768 475.350000
115 3 1 0.466459 0.091510 56.100000 46.723169 61.123768 475.350000
116 3 1 0.153979 0.449720 56.100000 46.723169 61.123768 475.350000
117 3 1 -0.312479 0.358210 56.100000 46.723169 61.123768 475.350000
118 3 1 -0.466459 -0.091510 56.100000 46.723169 61.123768 475.350000
119 3 1 -0.153979 -0.449720 56.100000 46.723169 61.123768 475.350000
120 3 1 0.312479 -0.358210 56.100000 46.723169 61.123768 475.350000
121 3 2 0.451315 0.149241 56.100000 46.723169 61.123768 475.350000
122 3 2 0.096411 0.465470 56.100000 46.723169 61.123768 475.350000
123 3 2 -0.354903 0.316230 56.100000 46.723169 61.123768 475.350000
124 3 2 -0.451315 -0.149241 56.100000 46.723169 61.123768 475.350000
125 3 2 -0.096411 -0.465470 56.100000 46.723169 61.123768 475.350000
126 3 2 0.354903 -0.316230 56.100000 46.723169 61.123768 475.350000
127 3 3 0.429056 0.204618 56.100000 46.723169 61.123768 475.350000
128 3 3 0.037323 0.473882 56.100000 46.723169 61.123768 475.350000
129 3 3 -0.391733 0.269264 56.100000 46.723169 61.123768 475.350000
130 3 3 -0.429056 -0.204618 56.100000 46.723169 61.123768 475.350000
131 3 3 -0.037323 -0.473882 56.100000 46.723169 61.123768 475.350000
132 3 3 0.391733 -0.269264 56.100000 46.723169 61.123768 475.350000
133 3 4 0.400033 0.256771 56.100000 46.723169 61.123768 475.350000
134 3 4 -0.022353 0.474824 56.100000 46.723169 61.123768 475.350000
135 3 4 -0.422386 0.218054 56.100000 46.723169 61.123768 475.350000
136 3 4 -0.400033 -0.256771 56.100000 46.723169 61.123768 475.350000
137 3 4 0.022353 -0.474824 56.100000 46.723169 61.123768 475.350000
138 3 4 0.422386 -0.218054 56.100000 46.723169 61.123768 475.350000
139 3 5 0.364704 0.304875 56.100000 46.723169 61.123768 475.350000
140 3 5 -0.081677 0.468280 56.100000 46.723169 61.123768 475.350000
141 3 5 -0.446381 0.163405 56.100000 46.723169 61.123768 475.350000
142 3 5 -0.364704 -0.304875 56.100000 46.723169 61.123768 475.350000
143 3 5 0.081677 -0.468280 56.100000 46.723169 61.123768 475.350000
144 3 5 0.446381 -0.163405 56.100000 46.723169 61.123768 475.350000
145 3 6 0.323625 0.348173 56.100000 46.723169 61.123768 475.350000
146 3 6 -0.139714 0.454354 56.100000 46.723169 61.123768 475.350000
147 3 6 -0.463339 0.106181 56.100000 46.723169 61.123768 475.350000
148 3 6 -0.323625 -0.348173 56.100000 46.723169 61.123768 475.350000
149 3 6 0.139714 -0.454354 56.100000 46.723169 61.123768 475.350000
150 3 6 0.463339 -0.106181 56.100000 46.723169 61.123768 475.350000
151 3 7 0.277445 0.385982 56.100000 46.723169 61.123768 475.350000
152 3 7 -0.195548 0.433265 56.100000 46.723169 61.123768 475.350000
153 3 7 -0.472993 0.047283 56.100000 46.723169 61.123768 475.350000
154 3 7 -0.277445 -0.385982 56.100000 46.723169 61.123768 475.350000
155 3 7 0.195548 -0.433265 56.100000 46.723169 61.123768 475.350000
156 3 7 0.472993 -0.047283 56.100000 46.723169 61.123768 475.350000
157 4 0 0.535332 0.047672 56.100000 77.469387 54.069043 537.450000
158 4 0 0.226381 0.487447 56.100000 77.469387 54.069043 537.450000
159 4 0 -0.308951 0.439775 56.100000 77.469387 54.069043 537.450000
160 4 0 -0.535332 -0.047672 56.100000 77.469387 54.069043 537.450000
161 4 0 -0.226381 -0.487447 56.100000 77.469387 54.069043 537.450000
162 4 0 0.308951 -0.439775 56.100000 77.469387 54.069043 537.450000
163 4 1 0.519778 0.136686 56.100000 77.469387 54.069043 537.450000
164 4 1 0.141516 0.518484 56.100000 77.469387 54.069043 537.450000
165 4 1 -0.378263 0.381798 56.100000 77.469387 54.069043 537.450000
166 4 1 -0.519778 -0.136686 56.100000 77.469387 54.069043 537.450000
167 4 1 -0.141516 -0.518484 56.100000 77.469387 54.069043 537.450000
168 4 1 0.378263 -0.381798 56.100000 77.469387 54.069043 537.450000
169 4 2 0.489532 0.221836 56.100000 77.469387 54.069043 537.450000
170 4 2 0.052650 0.534865 56.100000 77.469387 54.069043 537.450000
171 4 2 -0.436882 0.313029 56.100000 77.469387 54.069043 537.450000
172 4 2 -0.489532 -0.221836 56.100000 77.469387 54.069043 537.450000
173 4 2 -0.052650 -0.534865 56.100000 77.469387 54.069043 537.450000
174 4 2 0.436882 -0.313029 56.100000 77.469387 54.069043 537.450000
175 4 3 0.445447 0.300715 56.100000 77.469387 54.069043 537.450000
176 4 3 -0.037704 0.536126 56.100000 77.469387 54.069043 537.450000
177 4 3 -0.483150 0.235411 56.100000 77.469387 54.069043 537.450000
178 4 3 -0.445447 -0.300715 56.100000 77.469387 54.069043 537.450000
179 4 3 0.037704 -0.536126 56.100000 77.469387 54.069043 537.450000
180 4 3 0.483150 -0.235411 56.100000 77.469387 54.069043 537.450000
181 4 4 0.388770 0.371094 56.100000 77.469387 54.069043 537.450000
182 4 4 -0.126992 0.522231 56.100000 77.469387 54.069043 537.450000
183 4 4 -0.515761 0.151138 56.100000 77.469387 54.069043 537.450000
184 4 4 -0.388770 -0.371094 56.100000 77.469387 54.069043 537.450000
185 4 4 0.126992 -0.522231 56.100000 77.469387 54.069043 537.450000
186 4 4 0.515761 -0.151138 56.100000 77.469387 54.069043 537.450000
187 4 5 0.321103 0.430982 56.100000 77.469387 54.069043 537.450000
188 4 5 -0.212690 0.493574 56.100000 77.469387 54.069043 537.450000
189 4 5 -0.533793 0.062592 56.100000 77.469387 54.069043 537.450000
190 4 5 -0.321103 -0.430982 56.100000 77.469387 54.069043 537.450000
191 4 5 0.212690 -0.493574 56.100000 77.469387 54.069043 537.450000
192 4 5 0.533793 -0.062592 56.100000 77.469387 54.069043 537.450000
193 5 0 0.597793 0.045873 56.100000 73.835327 48.476604 599.550000
194 5 0 0.259169 0.540640 56.100000 73.835327 48.476604 599.550000
195 5 0 -0.338623 0.494767 56.100000 73.835327 48.476604 599.550000
196 5 0 -0.597793 -0.045873 56.100000 73.835327 48.476604 599.550000
197 5 0 -0.259169 -0.540640 56.100000 73.835327 48.476604 599.550000
198 5 0 0.338623 -0.494767 56.100000 73.835327 48.476604 599.550000
199 5 1 0.584913 0.131671 56.100000 73.835327 48.476604 599.550000
200 5 1 0.178426 0.572385 56.100000 73.835327 48.476604 599.550000
201 5 1 -0.406487 0.440714 56.100000 73.835327 48.476604 599.550000
202 5 1 -0.584913 -0.131671 56.100000 73.835327 48.476604 599.550000
203 5 1 -0.178426 -0.572385 56.100000 73.835327 48.476604 599.550000
204 5 1 0.406487 -0.440714 56.100000 73.835327 48.476604 599.550000
205 5 2 0.559785 0.214712 56.100000 73.835327 48.476604 599.550000
206 5 2 0.093947 0.592144 56.100000 73.835327 48.476604 599.550000
207 5 2 -0.465838 0.377432 56.100000 73.835327 48.476604 599.550000
208 5 2 -0.559785 -0.214712 56.100000 73.835327 48.476604 599.550000
209 5 2 -0.093947 -0.592144 56.100000 73.835327 48.476604 599.550000
210 5 2 0.465838 -0.377432 56.100000 73.835327 48.476604 599.550000
211 5 3 0.522935 0.293257 56.100000 73.835327 48.476604 599.550000
212 5 3 0.007500 0.599503 56.100000 73.835327 48.476604 599.550000
213 5 3 -0.515435 0.306247 56.100000 73.835327 48.476604 599.550000
214 5 3 -0.522935 -0.293257 56.100000 73.835327 48.476604 599.550000
215 5 3 -0.007500 -0.599503 56.100000 73.835327 48.476604 599.550000
216 5 3 0.515435 -0.306247 56.100000 73.835327 48.476604 599.550000
217 5 4 0.475134 0.365660 56.100000 73.835327 48.476604 599.550000
218 5 4 -0.079104 0.594309 56.100000 73.835327 48.476604 599.550000
219 5 4 -0.554238 0.228648 56.100000 73.835327 48.476604 599.550000
220 5 4 -0.475134 -0.365660 56.100000 73.835327 48.476604 599.550000
221 5 4 0.079104 -0.594309 56.100000 73.835327 48.476604 599.550000
222 5 4 0.554238 -0.228648 56.100000 73.835327 48.476604 599.550000
223 5 5 0.417384 0.430407 56.100000 73.835327 48.476604 599.550000
224 5 5 -0.164051 0.576669 56.100000 73.835327 48.476604 599.550000
225 5 5 -0.581436 0.146262 56.100000 73.835327 48.476604 599.550000
226 5 5 -0.417384 -0.430407 56.100000 73.835327 48.476604 599.550000
227 5 5 0.164051 -0.576669 56.100000 73.835327 48.476604 599.550000
228 5 5 0.581436 -0.146262 56.100000 73.835327 48.476604 599.550000
229 5 6 0.350894 0.486141 56.100000 73.835327 48.476604 599.550000
230 5 6 -0.245563 0.546954 56.100000 73.835327 48.476604 599.550000
231 5 6 -0.596458 0.060813 56.100000 73.835327 48.476604 599.550000
232 5 6 -0.350894 -0.486141 56.100000 73.835327 48.476604 599.550000
233 5 6 0.245563 -0.546954 56.100000 73.835327 48.476604 599.550000
234 5 6 0.596458 -0.060813 56.100000 73.835327 48.476604 599.550000
235 6 0 0.659719 0.050514 56.100000 83.125466 43.934716 661.650000
236 6 0 0.286113 0.596590 56.100000 83.125466 43.934716 661.650000
237 6 0 -0.373605 0.546077 56.100000 83.125466 43.934716 661.650000
238 6 0 -0.659719 -0.050514 56.100000 83.125466 43.934716 661.650000
239 6 0 -0.286113 -0.596590 56.100000 83.125466 43.934716 661.650000
240 6 0 0.373605 -0.546077 56.100000 83.125466 43.934716 661.650000
241 6 1 0.645456 0.145489 56.100000 83.125466 43.934716 661.650000
242 6 1 0.196730 0.631726 56.100000 83.125466 43.934716 661.650000
243 6 1 -0.448726 0.486237 56.100000 83.125466 43.934716 661.650000
244 6 1 -0.645456 -0.145489 56.100000 83.125466 43.934716 661.650000
245 6 1 -0.196730 -0.631726 56.100000 83.125466 43.934716 661.650000
246 6 1 0.448726 -0.486237 56.100000 83.125466 43.934716 661.650000
247 6 2 0.617594 0.237400 56.100000 83.125466 43.934716 661.650000
248 6 2 0.103202 0.653552 56.100000 83.125466 43.934716 661.650000
249 6 2 -0.514391 0.416152 56.100000 83.125466 43.934716 661.650000
250 6 2 -0.617594 -0.237400 56.100000 83.125466 43.934716 661.650000
251 6 2 -0.103202 -0.653552 56.100000 83.125466 43.934716 661.650000
252 6 2 0.514391 -0.416152 56.100000 83.125466 43.934716 661.650000
253 6 3 0.576719 0.324309 56.100000 83.125466 43.934716 661.650000
254 6 3 0.007500 0.661607 56.100000 83.125466 43.934716 661.650000
255 6 3 -0.569219 0.337299 56.100000 83.125466 43.934716 661.650000
256 6 3 -0.576719 -0.324309 56.100000 83.125466 43.934716 661.650000
257 6 3 -0.007500 -0.661607 56.100000 83.125466 43.934716 661.650000
258 6 3 0.569219 -0.337299 56.100000 83.125466 43.934716 661.650000
259 6 4 0.523693 0.404384 56.100000 83.125466 43.934716 661.650000
260 6 4 -0.088361 0.655723 56.100000 83.125466 43.934716 661.650000
261 6 4 -0.612053 0.251339 56.100000 83.125466 43.934716 661.650000
262 6 4 -0.523693 -0.404384 56.100000 83.125466 43.934716 661.650000
263 6 4 0.088361 -0.655723 56.100000 83.125466 43.934716 661.650000
264 6 4 0.612053 -0.251339 56.100000 83.125466 43.934716 661.650000
265 6 5 0.459633 0.475940 56.100000 83.125466 43.934716 661.650000
266 6 5 -0.182359 0.636023 56.100000 83.125466 43.934716 661.650000
267 6 5 -0.641992 0.160084 56.100000 83.125466 43.934716 661.650000
268 6 5 -0.459633 -0.475940 56.100000 83.125466 43.934716 661.650000
269 6 5 0.182359 -0.636023 56.100000 83.125466 43.934716 661.650000
270 6 5 0.641992 -0.160084 56.100000 83.125466 43.934716 661.650000
271 6 6 0.385888 0.537467 56.100000 83.125466 43.934716 661.650000
272 6 6 -0.272516 0.602923 56.100000 83.125466 43.934716 661.650000
273 6 6 -0.658404 0.065455 56.100000 83.125466 43.934716 661.650000
274 6 6 -0.385888 -0.537467 56.100000 83.125466 43.934716 661.650000
275 6 6 0.272516 -0.602923 56.100000 83.125466 43.934716 661.650000
276 6 6 0.658404 -0.065455 56.100000 83.125466 43.934716 661.650000
277 7 0 0.722118 0.048583 56.100000 79.238653 40.172957 723.750000
278 7 0 0.318985 0.649664 56.100000 79.238653 40.172957 723.750000
279 7 0 -0.403133 0.601081 56.100000 79.238653 40.172957 723.750000
280 7 0 -0.722118 -0.048583 56.100000 79.238653 40.172957 723.750000
281 7 0 -0.318985 -0.649664 56.100000 79.238653 40.172957 723.750000
282 7 0 0.403133 -0.601081 56.100000 79.238653 40.172957 723.750000
283 7 1 0.710086 0.139970 56.100000 79.238653 40.172957 723.750000
284 7 1 0.233825 0.684938 56.100000 79.238653 40.172957 723.750000
285 7 1 -0.476261 0.544967 56.100000 79.238653 40.172957 723.750000
286 7 1 -0.710086 -0.139970 56.100000 79.238653 40.172957 723.750000
287 7 1 -0.233825 -0.684938 56.100000 79.238653 40.172957 723.750000
288 7 1 0.476261 -0.544967 56.100000 79.238653 40.172957 723.750000
289 7 2 0.686537 0.229088 56.100000 79.238653 40.172957 723.750000
290 7 2 0.144873 0.709102 56.100000 79.238653 40.172957 723.750000
291 7 2 -0.541664 0.480015 56.100000 79.238653 40.172957 723.750000
292 7 2 -0.686537 -0.229088 56.100000 79.238653 40.172957 723.750000
293 7 2 -0.144873 -0.709102 56.100000 79.238653 40.172957 723.750000
294 7 2 0.541664 -0.480015 56.100000 79.238653 40.172957 723.750000
295 7 3 0.651852 0.314489 56.100000 79.238653 40.172957 723.750000
296 7 3 0.053570 0.721765 56.100000 79.238653 40.172957 723.750000
297 7 3 -0.598281 0.407276 56.100000 79.238653 40.172957 723.750000
298 7 3 -0.651852 -0.314489 56.100000 79.238653 40.172957 723.750000
299 7 3 -0.053570 -0.721765 56.100000 79.238653 40.172957 723.750000
300 7 3 0.598281 -0.407276 56.100000 79.238653 40.172957 723.750000
301 7 4 0.606593 0.394789 56.100000 79.238653 40.172957 723.750000
302 7 4 -0.038601 0.722720 56.100000 79.238653 40.172957 723.750000
303 7 4 -0.645194 0.327930 56.100000 79.238653 40.172957 723.750000
304 7 4 -0.606593 -0.394789 56.100000 79.238653 40.172957 723.750000
305 7 4 0.038601 -0.722720 56.100000 79.238653 40.172957 723.750000
306 7 4 0.645194 -0.327930 56.100000 79.238653 40.172957 723.750000
307 7 5 0.551496 0.468686 56.100000 79.238653 40.172957 723.750000
308 7 5 -0.130146 0.711952 56.100000 79.238653 40.172957 723.750000
309 7 5 -0.681642 0.243266 56.100000 79.238653 40.172957 723.750000
310 7 5 -0.551496 -0.468686 56.100000 79.238653 40.172957 723.750000
311 7 5 0.130146 -0.711952 56.100000 79.238653 40.172957 723.750000
312 7 5 0.681642 -0.243266 56.100000 79.238653 40.172957 723.750000
313 7 6 0.487453 0.534980 56.100000 79.238653 40.172957 723.750000
314 7 6 -0.219580 0.689637 56.100000 79.238653 40.172957 723.750000
315 7 6 -0.707033 0.154656 56.100000 79.238653 40.172957 723.750000
316 7 6 -0.487453 -0.534980 56.100000 79.238653 40.172957 723.750000
317 7 6 0.219580 -0.689637 56.100000 79.238653 40.172957 723.750000
318 7 6 0.707033 -0.154656 56.100000 79.238653 40.172957 723.750000
319 7 7 0.415503 0.592597 56.100000 79.238653 40.172957 723.750000
320 7 7 -0.305453 0.656135 56.100000 79.238653 40.172957 723.750000
321 7 7 -0.720956 0.063537 56.100000 79.238653 40.172957 723.750000
322 7 7 -0.415503 -0.592597 56.100000 79.238653 40.172957 723.750000
323 7 7 0.305453 -0.656135 56.100000 79.238653 40.172957 723.750000
324 7 7 0.720956 -0.063537 56.100000 79.238653 40.172957 723.750000
325 8 0 0.784438 0.047080 56.100000 76.215577 37.006383 785.850000
326 8 0 0.351447 0.702883 56.100000 76.215577 37.006383 785.850000
327 8 0 -0.432991 0.655804 56.100000 76.215577 37.006383 785.850000
328 8 0 -0.784438 -0.047080 56.100000 76.215577 37.006383 785.850000
329 8 0 -0.351447 -0.702883 56.100000 76.215577 37.006383 785.850000
330 8 0 0.432991 -0.655804 56.100000 76.215577 37.006383 785.850000
331 8 1 0.774055 0.135641 56.100000 76.215577 37.006383 785.850000
332 8 1 0.269559 0.738172 56.100000 76.215577 37.006383 785.850000
333 8 1 -0.504496 0.602531 56.100000 76.215577 37.006383 785.850000
334 8 1 -0.774055 -0.135641 56.100000 76.215577 37.006383 785.850000
335 8 1 -0.269559 -0.738172 56.100000 76.215577 37.006383 785.850000
336 8 1 0.504496 -0.602531 56.100000 76.215577 37.006383 785.850000
337 8 2 0.753707 0.222455 56.100000 76.215577 37.006383 785.850000
338 8 2 0.184201 0.763957 56.100000 76.215577 37.006383 785.850000
339 8 2 -0.569505 0.541501 56.100000 76.215577 37.006383 785.850000
340 8 2 -0.753707 -0.222455 56.100000 76.215577 37.006383 785.850000
341 8 2 -0.184201 -0.763957 56.100000 76.215577 37.006383 785.850000
342 8 2 0.569505 -0.541501 56.100000 76.215577 37.006383 785.850000
343 8 3 0.723654 0.306406 56.100000 76.215577 37.006383 785.850000
344 8 3 0.096472 0.779906 56.100000 76.215577 37.006383 785.850000
345 8 3 -0.627183 0.473500 56.100000 76.215577 37.006383 785.850000
346 8 3 -0.723654 -0.306406 56.100000 76.215577 37.006383 785.850000
347 8 3 -0.096472 -0.779906 56.100000 76.215577 37.006383 785.850000
348 8 3 0.627183 -0.473500 56.100000 76.215577 37.006383 785.850000
349 8 4 0.684285 0.386412 56.100000 76.215577 37.006383 785.850000
350 8 4 0.007500 0.785814 56.100000 76.215577 37.006383 785.850000
351 8 4 -0.676785 0.399402 56.100000 76.215577 37.006383 785.850000
352 8 4 -0.684285 -0.386412 56.100000 76.215577 37.006383 785.850000
353 8 4 -0.007500 -0.785814 56.100000 76.215577 37.006383 785.850000
354 8 4 0.676785 -0.399402 56.100000 76.215577 37.006383 785.850000
355 8 5 0.636106 0.461443 56.100000 76.215577 37.006383 785.850000
356 8 5 -0.081568 0.781605 56.100000 76.215577 37.006383 785.850000
357 8 5 -0.717674 0.320162 56.100000 76.215577 37.006383 785.850000
358 8 5 -0.636106 -0.461443 56.100000 76.215577 37.006383 785.850000
359 8 5 0.081568 -0.781605 56.100000 76.215577 37.006383 785.850000
360 8 5 0.717674 -0.320162 56.100000 76.215577 37.006383 785.850000
361 8 6 0.579737 0.530533 56.100000 76.215577 37.006383 785.850000
362 8 6 -0.169587 0.767333 56.100000 76.215577 37.006383 785.850000
363 8 6 -0.749324 0.236800 56.100000 76.215577 37.006383 785.850000
364 8 6 -0.579737 -0.530533 56.100000 76.215577 37.006383 785.850000
365 8 6 0.169587 -0.767333 56.100000 76.215577 37.006383 785.850000
366 8 6 0.749324 -0.236800 56.100000 76.215577 37.006383 785.850000
367 8 7 0.515904 0.592793 56.100000 76.215577 37.006383 785.850000
368 8 7 -0.255421 0.743182 56.100000 76.215577 37.006383 785.850000
369 8 7 -0.771326 0.150390 56.100000 76.215577 37.006383 785.850000
370 8 7 -0.515904 -0.592793 56.100000 76.215577 37.006383 785.850000
371 8 7 0.255421 -0.743182 56.100000 76.215577 37.006383 785.850000
372 8 7 0.771326 -0.150390 56.100000 76.215577 37.006383 785.850000
373 8 8 0.445429 0.647420 56.100000 76.215577 37.006383 785.850000
374 8 8 -0.337968 0.709463 56.100000 76.215577 37.006383 785.850000
375 8 8 -0.783397 0.062043 56.100000 76.215577 37.006383 785.850000
376 8 8 -0.445429 -0.647420 56.100000 76.215577 37.006383 785.850000
377 8 8 0.337968 -0.709463 56.100000 76.215577 37.006383 785.850000
378 8 8 0.783397 -0.062043 56.100000 76.215577 37.006383 785.850000
379 9 0 0.846434 0.050690 56.100000 83.441240 34.304228 847.950000
380 9 0 0.379318 0.758378 56.100000 83.441240 34.304228 847.950000
381 9 0 -0.467116 0.707688 56.100000 83.441240 34.304228 847.950000
382 9 0 -0.846434 -0.050690 56.100000 83.441240 34.304228 847.950000
383 9 0 -0.379318 -0.758378 56.100000 83.441240 34.304228 847.950000
384 9 0 0.467116 -0.707688 56.100000 83.441240 34.304228 847.950000
385 9 1 0.835212 0.146424 56.100000 83.441240 34.304228 847.950000
386 9 1 0.290799 0.796527 56.100000 83.441240 34.304228 847.950000
387 9 1 -0.544413 0.650103 56.100000 83.441240 34.304228 847.950000
388 9 1 -0.835212 -0.146424 56.100000 83.441240 34.304228 847.950000
389 9 1 -0.290799 -0.796527 56.100000 83.441240 34.304228 847.950000
390 9 1 0.544413 -0.650103 56.100000 83.441240 34.304228 847.950000
391 9 2 0.813198 0.240266 56.100000 83.441240 34.304228 847.950000
392 9 2 0.198523 0.824383 56.100000 83.441240 34.304228 847.950000
393 9 2 -0.614676 0.584117 56.100000 83.441240 34.304228 847.950000
394 9 2 -0.813198 -0.240266 56.100000 83.441240 34.304228 847.950000
395 9 2 -0.198523 -0.824383 56.100000 83.441240 34.304228 847.950000
396 9 2 0.614676 -0.584117 56.100000 83.441240 34.304228 847.950000
397 9 3 0.780677 0.331003 56.100000 83.441240 34.304228 847.950000
398 9 3 0.103681 0.841587 56.100000 83.441240 34.304228 847.950000
399 9 3 -0.676996 0.510584 56.100000 83.441240 34.304228 847.950000
400 9 3 -0.780677 -0.331003 56.100000 83.441240 34.304228 847.950000
401 9 3 -0.103681 -0.841587 56.100000 83.441240 34.304228 847.950000
402 9 3 0.676996 -0.510584 56.100000 83.441240 34.304228 847.950000
403 9 4 0.738067 0.417463 56.100000 83.441240 34.304228 847.950000
404 9 4 0.007500 0.847917 56.100000 83.441240 34.304228 847.950000
405 9 4 -0.730568 0.430454 56.100000 83.441240 34.304228 847.950000
406 9 4 -0.738067 -0.417463 56.100000 83.441240 34.304228 847.950000
407 9 4 -0.007500 -0.847917 56.100000 83.441240 34.304228 847.950000
408 9 4 0.730568 -0.430454 56.100000 83.441240 34.304228 847.950000
409 9 5 0.685921 0.498529 56.100000 83.441240 34.304228 847.950000
410 9 5 -0.088778 0.843290 56.100000 83.441240 34.304228 847.950000
411 9 5 -0.774699 0.344761 56.100000 83.441240 34.304228 847.950000
412 9 5 -0.685921 -0.498529 56.100000 83.441240 34.304228 847.950000
413 9 5 0.088778 -0.843290 56.100000 83.441240 34.304228 847.950000
414 9 5 0.774699 -0.344761 56.100000 83.441240 34.304228 847.950000
415 9 6 0.624912 0.573153 56.100000 83.441240 34.304228 847.950000
416 9 6 -0.183909 0.827766 56.100000 83.441240 34.304228 847.950000
417 9 6 -0.808821 0.254613 56.100000 83.441240 34.304228 847.950000
418 9 6 -0.624912 -0.573153 56.100000 83.441240 34.304228 847.950000
419 9 6 0.183909 -0.827766 56.100000 83.441240 34.304228 847.950000
420 9 6 0.808821 -0.254613 56.100000 83.441240 34.304228 847.950000
421 9 7 0.555827 0.640371 56.100000 83.441240 34.304228 847.950000
422 9 7 -0.276664 0.801546 56.100000 83.441240 34.304228 847.950000
423 9 7 -0.832491 0.161175 56.100000 83.441240 34.304228 847.950000
424 9 7 -0.555827 -0.640371 56.100000 83.441240 34.304228 847.950000
425 9 7 0.276664 -0.801546 56.100000 83.441240 34.304228 847.950000
426 9 7 0.832491 -0.161175 56.100000 83.441240 34.304228 847.950000
427 9 8 0.479561 0.699314 56.100000 83.441240 34.304228 847.950000
428 9 8 -0.365843 0.764969 56.100000 83.441240 34.304228 847.950000
429 9 8 -0.845404 0.065655 56.100000 83.441240 34.304228 847.950000
430 9 8 -0.479561 -0.699314 56.100000 83.441240 34.304228 847.950000
431 9 8 0.365843 -0.764969 56.100000 83.441240 34.304228 847.950000
432 9 8 0.845404 -0.065655 56.100000 83.441240 34.304228 847.950000
433 10 0 0.908723 0.049126 56.100000 80.300213 31.971417 910.050000
434 10 0 0.411817 0.811540 56.100000 80.300213 31.971417 910.050000
435 10 0 -0.496906 0.762414 56.100000 80.300213 31.971417 910.050000
436 10 0 -0.908723 -0.049126 56.100000 80.300213 31.971417 910.050000
437 10 0 -0.411817 -0.811540 56.100000 80.300213 31.971417 910.050000
438 10 0 0.496906 -0.762414 56.100000 80.300213 31.971417 910.050000
439 10 1 0.898924 0.141869 56.100000 80.300213 31.971417 910.050000
440 10 1 0.326599 0.849426 56.100000 80.300213 31.971417 910.050000
441 10 1 -0.572324 0.707556 56.100000 80.300213 31.971417 910.050000
442 10 1 -0.898924 -0.141869 56.100000 80.300213 31.971417 910.050000
443 10 1 -0.326599 -0.849426 56.100000 80.300213 31.971417 910.050000
444 10 1 0.572324 -0.707556 56.100000 80.300213 31.971417 910.050000
445 10 2 0.879685 0.233123 56.100000 80.300213 31.971417 910.050000
446 10 2 0.237952 0.878390 56.100000 80.300213 31.971417 910.050000
447 10 2 -0.641732 0.645268 56.100000 80.300213 31.971417 910.050000
448 10 2 -0.879685 -0.233123 56.100000 80.300213 31.971417 910.050000
449 10 2 -0.237952 -0.878390 56.100000 80.300213 31.971417 910.050000
450 10 2 0.641732 -0.645268 56.100000 80.300213 31.971417 910.050000
451 10 3 0.851207 0.321928 56.100000 80.300213 31.971417 910.050000
452 10 3 0.146806 0.898131 56.100000 80.300213 31.971417 910.050000
453 10 3 -0.704401 0.576203 56.100000 80.300213 31.971417 910.050000
454 10 3 -0.851207 -0.321928 56.100000 80.300213 31.971417 910.050000
455 10 3 -0.146806 -0.898131 56.100000 80.300213 31.971417 910.050000
456 10 3 0.704401 -0.576203 56.100000 80.300213 31.971417 910.050000
457 10 4 0.813791 0.407352 56.100000 80.300213 31.971417 910.050000
458 10 4 0.054118 0.908439 56.100000 80.300213 31.971417 910.050000
459 10 4 -0.759673 0.501087 56.100000 80.300213 31.971417 910.050000
460 10 4 -0.813791 -0.407352 56.100000 80.300213 31.971417 910.050000
461 10 4 -0.054118 -0.908439 56.100000 80.300213 31.971417 910.050000
462 10 4 0.759673 -0.501087 56.100000 80.300213 31.971417 910.050000
463 10 5 0.767828 0.488499 56.100000 80.300213 31.971417 910.050000
464 10 5 -0.039138 0.909208 56.100000 80.300213 31.971417 910.050000
465 10 5 -0.806966 0.420709 56.100000 80.300213 31.971417 910.050000
466 10 5 -0.767828 -0.488499 56.100000 80.300213 31.971417 910.050000
467 10 5 0.039138 -0.909208 56.100000 80.300213 31.971417 910.050000
468 10 5 0.806966 -0.420709 56.100000 80.300213 31.971417 910.050000
469 10 6 0.713802 0.564515 56.100000 80.300213 31.971417 910.050000
470 10 6 -0.131983 0.900428 56.100000 80.300213 31.971417 910.050000
471 10 6 -0.845786 0.335913 56.100000 80.300213 31.971417 910.050000
472 10 6 -0.713802 -0.564515 56.100000 80.300213 31.971417 910.050000
473 10 6 0.131983 -0.900428 56.100000 80.300213 31.971417 910.050000
474 10 6 0.845786 -0.335913 56.100000 80.300213 31.971417 910.050000
475 10 7 0.652280 0.634603 56.100000 80.300213 31.971417 910.050000
476 10 7 -0.223442 0.882193 56.100000 80.300213 31.971417 910.050000
477 10 7 -0.875723 0.247590 56.100000 80.300213 31.971417 910.050000
478 10 7 -0.652280 -0.634603 56.100000 80.300213 31.971417 910.050000
479 10 7 0.223442 -0.882193 56.100000 80.300213 31.971417 910.050000
480 10 7 0.875723 -0.247590 56.100000 80.300213 31.971417 910.050000
481 10 8 0.583908 0.698027 56.100000 80.300213 31.971417 910.050000
482 10 8 -0.312555 0.854693 56.100000 80.300213 31.971417 910.050000
483 10 8 -0.896463 0.156666 56.100000 80.300213 31.971417 910.050000
484 10 8 -0.583908 -0.698027 56.100000 80.300213 31.971417 910.050000
485 10 8 0.312555 -0.854693 56.100000 80.300213 31.971417 910.050000
486 10 8 0.896463 -0.156666 56.100000 80.300213 31.971417 910.050000
487 10 9 0.509405 0.754121 56.100000 80.300213 31.971417 910.050000
488 10 9 -0.398385 0.818218 56.100000 80.300213 31.971417 910.050000
489 10 9 -0.907790 0.064097 56.100000 80.300213 31.971417 910.050000
490 10 9 -0.509405 -0.754121 56.100000 80.300213 31.971417 910.050000
491 10 9 0.398385 -0.818218 56.100000 80.300213 31.971417 910.050000
492 10 9 0.907790 -0.064097 56.100000 80.300213 31.971417 910.050000
493 11 0 0.970738 0.052376 56.100000 86.803310 29.937169 972.150000
494 11 0 0.440010 0.866872 56.100000 86.803310 29.937169 972.150000
495 11 0 -0.530728 0.814496 56.100000 86.803310 29.937169 972.150000
496 11 0 -0.970738 -0.052376 56.100000 86.803310 29.937169 972.150000
497 11 0 -0.440010 -0.866872 56.100000 86.803310 29.937169 972.150000
498 11 0 0.530728 -0.814496 56.100000 86.803310 29.937169 972.150000
499 11 1 0.960259 0.151584 56.100000 86.803310 29.937169 972.150000
500 11 1 0.348854 0.907401 56.100000 86.803310 29.937169 972.150000
501 11 1 -0.611405 0.755817 56.100000 86.803310 29.937169 972.150000
502 11 1 -0.960259 -0.151584 56.100000 86.803310 29.937169 972.150000
503 11 1 -0.348854 -0.907401 56.100000 86.803310 29.937169 972.150000
504 11 1 0.611405 -0.755817 56.100000 86.803310 29.937169 972.150000
505 11 2 0.939669 0.249195 56.100000 86.803310 29.937169 972.150000
506 11 2 0.254025 0.938375 56.100000 86.803310 29.937169 972.150000
507 11 2 -0.685644 0.689179 56.100000 86.803310 29.937169 972.150000
508 11 2 -0.939669 -0.249195 56.100000 86.803310 29.937169 972.150000
509 11 2 -0.254025 -0.938375 56.100000 86.803310 29.937169 972.150000
510 11 2 0.685644 -0.689179 56.100000 86.803310 29.937169 972.150000
511 11 3 0.909183 0.344183 56.100000 86.803310 29.937169 972.150000
512 11 3 0.156521 0.959467 56.100000 86.803310 29.937169 972.150000
513 11 3 -0.752662 0.615284 56.100000 86.803310 29.937169 972.150000
514 11 3 -0.909183 -0.344183 56.100000 86.803310 29.937169 972.150000
515 11 3 -0.156521 -0.959467 56.100000 86.803310 29.937169 972.150000
516 11 3 0.752662 -0.615284 56.100000 86.803310 29.937169 972.150000
517 11 4 0.869124 0.435545 56.100000 86.803310 29.937169 972.150000
518 11 4 0.057368 0.970456 56.100000 86.803310 29.937169 972.150000
519 11 4 -0.811755 0.534910 56.100000 86.803310 29.937169 972.150000
520 11 4 -0.869124 -0.435545 56.100000 86.803310 29.937169 972.150000
521 11 4 -0.057368 -0.970456 56.100000 86.803310 29.937169 972.150000
522 11 4 0.811755 -0.534910 56.100000 86.803310 29.937169 972.150000
523 11 5 0.819912 0.522322 56.100000 86.803310 29.937169 972.150000
524 11 5 -0.042388 0.971225 56.100000 86.803310 29.937169 972.150000
525 11 5 -0.862300 0.448903 56.100000 86.803310 29.937169 972.150000
526 11 5 -0.819912 -0.522322 56.100000 86.803310 29.937169 972.150000
527 11 5 0.042388 -0.971225 56.100000 86.803310 29.937169 972.150000
528 11 5 0.862300 -0.448903 56.100000 86.803310 29.937169 972.150000
529 11 6 0.762066 0.603598 56.100000 86.803310 29.937169 972.150000
530 11 6 -0.141698 0.961768 56.100000 86.803310 29.937169 972.150000
531 11 6 -0.903764 0.358169 56.100000 86.803310 29.937169 972.150000
532 11 6 -0.762066 -0.603598 56.100000 86.803310 29.937169 972.150000
533 11 6 0.141698 -0.961768 56.100000 86.803310 29.937169 972.150000
534 11 6 0.903764 -0.358169 56.100000 86.803310 29.937169 972.150000
535 11 7 0.696196 0.678518 56.100000 86.803310 29.937169 972.150000
536 11 7 -0.239516 0.942182 56.100000 86.803310 29.937169 972.150000
537 11 7 -0.935712 0.263664 56.100000 86.803310 29.937169 972.150000
538 11 7 -0.696196 -0.678518 56.100000 86.803310 29.937169 972.150000
539 11 7 0.239516 -0.942182 56.100000 86.803310 29.937169 972.150000
540 11 7 0.935712 -0.263664 56.100000 86.803310 29.937169 972.150000
541 11 8 0.622994 0.746294 56.100000 86.803310 29.937169 972.150000
542 11 8 -0.334812 0.912675 56.100000 86.803310 29.937169 972.150000
543 11 8 -0.957806 0.166382 56.100000 86.803310 29.937169 972.150000
544 11 8 -0.622994 -0.746294 56.100000 86.803310 29.937169 972.150000
545 11 8 0.334812 -0.912675 56.100000 86.803310 29.937169 972.150000
546 11 8 0.957806 -0.166382 56.100000 86.803310 29.937169 972.150000
547 11 9 0.543232 0.806210 56.100000 86.803310 29.937169 972.150000
548 11 9 -0.426582 0.873558 56.100000 86.803310 29.937169 972.150000
549 11 9 -0.969814 0.067348 56.100000 86.803310 29.937169 972.150000
550 11 9 -0.543232 -0.806210 56.100000 86.803310 29.937169 972.150000
551 11 9 0.426582 -0.873558 56.100000 86.803310 29.937169 972.150000
552 11 9 0.969814 -0.067348 56.100000 86.803310 29.937169 972.150000
553 12 0 1.033002 0.050801 56.100000 83.642188 28.147705 1034.250000
554 12 0 0.472506 0.920006 56.100000 83.642188 28.147705 1034.250000
555 12 0 -0.560495 0.869205 56.100000 83.642188 28.147705 1034.250000
556 12 0 -1.033002 -0.050801 56.100000 83.642188 28.147705 1034.250000
557 12 0 -0.472506 -0.920006 56.100000 83.642188 28.147705 1034.250000
558 12 0 0.560495 -0.869205 56.100000 83.642188 28.147705 1034.250000
559 12 1 1.023755 0.146964 56.100000 83.642188 28.147705 1034.250000
560 12 1 0.384603 0.960080 56.100000 83.642188 28.147705 1034.250000
561 12 1 -0.639152 0.813116 56.100000 83.642188 28.147705 1034.250000
562 12 1 -1.023755 -0.146964 56.100000 83.642188 28.147705 1034.250000
563 12 1 -0.384603 -0.960080 56.100000 83.642188 28.147705 1034.250000
564 12 1 0.639152 -0.813116 56.100000 83.642188 28.147705 1034.250000
565 12 2 1.005576 0.241845 56.100000 83.642188 28.147705 1034.250000
566 12 2 0.293344 0.991777 56.100000 83.642188 28.147705 1034.250000
567 12 2 -0.712232 0.749932 56.100000 83.642188 28.147705 1034.250000
568 12 2 -1.005576 -0.241845 56.100000 83.642188 28.147705 1034.250000
569 12 2 -0.293344 -0.991777 56.100000 83.642188 28.147705 1034.250000
570 12 2 0.712232 -0.749932 56.100000 83.642188 28.147705 1034.250000
571 12 3 0.978624 0.334617 56.100000 83.642188 28.147705 1034.250000
572 12 3 0.199526 1.014821 56.100000 83.642188 28.147705 1034.250000
573 12 3 -0.779098 0.680205 56.100000 83.642188 28.147705 1034.250000
574 12 3 -0.978624 -0.334617 56.100000 83.642188 28.147705 1034.250000
575 12 3 -0.199526 -1.014821 56.100000 83.642188 28.147705 1034.250000
576 12 3 0.779098 -0.680205 56.100000 83.642188 28.147705 1034.250000
577 12 4 0.943133 0.424468 56.100000 83.642188 28.147705 1034.250000
578 12 4 0.103966 1.029011 56.100000 83.642188 28.147705 1034.250000
579 12 4 -0.839167 0.604543 56.100000 83.642188 28.147705 1034.250000
580 12 4 -0.943133 -0.424468 56.100000 83.642188 28.147705 1034.250000
581 12 4 -0.103966 -1.029011 56.100000 83.642188 28.147705 1034.250000
582 12 4 0.839167 -0.604543 56.100000 83.642188 28.147705 1034.250000
583 12 5 0.899413 0.510616 56.100000 83.642188 28.147705 1034.250000
584 12 5 0.007500 1.034223 56.100000 83.642188 28.147705 1034.250000
585 12 5 -0.891913 0.523607 56.100000 83.642188 28.147705 1034.250000
586 12 5 -0.899413 -0.510616 56.100000 83.642188 28.147705 1034.250000
587 12 5 -0.007500 -1.034223 56.100000 83.642188 28.147705 1034.250000
588 12 5 0.891913 -0.523607 56.100000 83.642188 28.147705 1034.250000
589 12 6 0.847846 0.592309 56.100000 83.642188 28.147705 1034.250000
590 12 6 -0.089032 1.030411 56.100000 83.642188 28.147705 1034.250000
591 12 6 -0.936878 0.438102 56.100000 83.642188 28.147705 1034.250000
592 12 6 -0.847846 -0.592309 56.100000 83.642188 28.147705 1034.250000
593 12 6 0.089032 -1.030411 56.100000 83.642188 28.147705 1034.250000
594 12 6 0.936878 -0.438102 56.100000 83.642188 28.147705 1034.250000
595 12 7 0.788881 0.668834 56.100000 83.642188 28.147705 1034.250000
596 12 7 -0.184787 1.017608 56.100000 83.642188 28.147705 1034.250000
597 12 7 -0.973668 0.348774 56.100000 83.642188 28.147705 1034.250000
598 12 7 -0.788881 -0.668834 56.100000 83.642188 28.147705 1034.250000
599 12 7 0.184787 -1.017608 56.100000 83.642188 28.147705 1034.250000
600 12 7 0.973668 -0.348774 56.100000 83.642188 28.147705 1034.250000
601 12 8 0.723034 0.739524 56.100000 83.642188 28.147705 1034.250000
602 12 8 -0.278930 0.995927 56.100000 83.642188 28.147705 1034.250000
603 12 8 -1.001963 0.256404 56.100000 83.642188 28.147705 1034.250000
604 12 8 -0.723034 -0.739524 56.100000 83.642188 28.147705 1034.250000
605 12 8 0.278930 -0.995927 56.100000 83.642188 28.147705 1034.250000
606 12 8 1.001963 -0.256404 56.100000 83.642188 28.147705 1034.250000
607 12 9 0.650877 0.803761 56.100000 83.642188 28.147705 1034.250000
608 12 9 -0.370639 0.965557 56.100000 83.642188 28.147705 1034.250000
609 12 9 -1.021516 0.161796 56.100000 83.642188 28.147705 1034.250000
610 12 9 -0.650877 -0.803761 56.100000 83.642188 28.147705 1034.250000
611 12 9 0.370639 -0.965557 56.100000 83.642188 28.147705 1034.250000
612 12 9 1.021516 -0.161796 56.100000 83.642188 28.147705 1034.250000
613 12 10 0.573042 0.860985 56.100000 83.642188 28.147705 1034.250000
614 12 10 -0.459114 0.926762 56.100000 83.642188 28.147705 1034.250000
615 12 10 -1.032156 0.065777 56.100000 83.642188 28.147705 1034.250000
616 12 10 -0.573042 -0.860985 56.100000 83.642188 28.147705 1034.250000
617 12 10 0.459114 -0.926762 56.100000 83.642188 28.147705 1034.250000
618 12 10 1.032156 -0.065777 56.100000 83.642188 28.147705 1034.250000
619 13 0 1.095233 0.049487 56.100000 81.007920 26.561427 1096.350000
620 13 0 0.504759 0.973243 56.100000 81.007920 26.561427 1096.350000
621 13 0 -0.590473 0.923756 56.100000 81.007920 26.561427 1096.350000
622 13 0 -1.095233 -0.049487 56.100000 81.007920 26.561427 1096.350000
623 13 0 -0.504759 -0.973243 56.100000 81.007920 26.561427 1096.350000
624 13 0 0.590473 -0.923756 56.100000 81.007920 26.561427 1096.350000
625 13 1 1.086971 0.143102 56.100000 81.007920 26.561427 1096.350000
626 13 1 0.419555 1.012895 56.100000 81.007920 26.561427 1096.350000
627 13 1 -0.667416 0.869793 56.100000 81.007920 26.561427 1096.350000
628 13 1 -1.086971 -0.143102 56.100000 81.007920 26.561427 1096.350000
629 13 1 -0.419555 -1.012895 56.100000 81.007920 26.561427 1096.350000
630 13 1 0.667416 -0.869793 56.100000 81.007920 26.561427 1096.350000
631 13 2 1.070722 0.235666 56.100000 81.007920 26.561427 1096.350000
632 13 2 0.331268 1.045105 56.100000 81.007920 26.561427 1096.350000
633 13 2 -0.739454 0.809439 56.100000 81.007920 26.561427 1096.350000
634 13 2 -1.070722 -0.235666 56.100000 81.007920 26.561427 1096.350000
635 13 2 -0.331268 -1.045105 56.100000 81.007920 26.561427 1096.350000
636 13 2 0.739454 -0.809439 56.100000 81.007920 26.561427 1096.350000
637 13 3 1.046605 0.326498 56.100000 81.007920 26.561427 1096.350000
638 13 3 0.240547 1.069636 56.100000 81.007920 26.561427 1096.350000
639 13 3 -0.806058 0.743137 56.100000 81.007920 26.561427 1096.350000
640 13 3 -1.046605 -0.326498 56.100000 81.007920 26.561427 1096.350000
641 13 3 -0.240547 -1.069636 56.100000 81.007920 26.561427 1096.350000
642 13 3 0.806058 -0.743137 56.100000 81.007920 26.561427 1096.350000
643 13 4 1.014798 0.414931 56.100000 81.007920 26.561427 1096.350000
644 13 4 0.148058 1.086307 56.100000 81.007920 26.561427 1096.350000
645 13 4 -0.866740 0.671375 56.100000 81.007920 26.561427 1096.350000
646 13 4 -1.014798 -0.414931 56.100000 81.007920 26.561427 1096.350000
647 13 4 -0.148058 -1.086307 56.100000 81.007920 26.561427 1096.350000
648 13 4 0.866740 -0.671375 56.100000 81.007920 26.561427 1096.350000
649 13 5 0.975535 0.500315 56.100000 81.007920 26.561427 1096.350000
650 13 5 0.054482 1.094995 56.100000 81.007920 26.561427 1096.350000
651 13 5 -0.921053 0.594680 56.100000 81.007920 26.561427 1096.350000
652 13 5 -0.975535 -0.500315 56.100000 81.007920 26.561427 1096.350000
653 13 5 -0.054482 -1.094995 56.100000 81.007920 26.561427 1096.350000
654 13 5 0.921053 -0.594680 56.100000 81.007920 26.561427 1096.350000
655 13 6 0.929103 0.582023 56.100000 81.007920 26.561427 1096.350000
656 13 6 -0.039495 1.095638 56.100000 81.007920 26.561427 1096.350000
657 13 6 -0.968598 0.513615 56.100000 81.007920 26.561427 1096.350000
658 13 6 -0.929103 -0.582023 56.100000 81.007920 26.561427 1096.350000
659 13 6 0.039495 -1.095638 56.100000 81.007920 26.561427 1096.350000
660 13 6 0.968598 -0.513615 56.100000 81.007920 26.561427 1096.350000
661 13 7 0.875844 0.659454 56.100000 81.007920 26.561427 1096.350000
662 13 7 -0.133182 1.088231 56.100000 81.007920 26.561427 1096.350000
663 13 7 -1.009026 0.428776 56.100000 81.007920 26.561427 1096.350000
664 13 7 -0.875844 -0.659454 56.100000 81.007920 26.561427 1096.350000
665 13 7 0.133182 -1.088231 56.100000 81.007920 26.561427 1096.350000
666 13 7 1.009026 -0.428776 56.100000 81.007920 26.561427 1096.350000
667 13 8 0.816150 0.732040 56.100000 81.007920 26.561427 1096.350000
668 13 8 -0.225890 1.072827 56.100000 81.007920 26.561427 1096.350000
669 13 8 -1.042040 0.340787 56.100000 81.007920 26.561427 1096.350000
670 13 8 -0.816150 -0.732040 56.100000 81.007920 26.561427 1096.350000
671 13 8 0.225890 -1.072827 56.100000 81.007920 26.561427 1096.350000
672 13 8 1.042040 -0.340787 56.100000 81.007920 26.561427 1096.350000
673 13 9 0.750459 0.799247 56.100000 81.007920 26.561427 1096.350000
674 13 9 -0.316939 1.049540 56.100000 81.007920 26.561427 1096.350000
675 13 9 -1.067397 0.250293 56.100000 81.007920 26.561427 1096.350000
676 13 9 -0.750459 -0.799247 56.100000 81.007920 26.561427 1096.350000
677 13 9 0.316939 -1.049540 56.100000 81.007920 26.561427 1096.350000
678 13 9 1.067397 -0.250293 56.100000 81.007920 26.561427 1096.350000
679 13 10 0.679253 0.860580 56.100000 81.007920 26.561427 1096.350000
680 13 10 -0.405658 1.018541 56.100000 81.007920 26.561427 1096.350000
681 13 10 -1.084911 0.157960 56.100000 81.007920 26.561427 1096.350000
682 13 10 -0.679253 -0.860580 56.100000 81.007920 26.561427 1096.350000
683 13 10 0.405658 -1.018541 56.100000 81.007920 26.561427 1096.350000
684 13 10 1.084911 -0.157960 56.100000 81.007920 26.561427 1096.350000
685 13 11 0.603056 0.915591 56.100000 81.007920 26.561427 1096.350000
686 13 11 -0.491397 0.980057 56.100000 81.007920 26.561427 1096.350000
687 13 11 -1.094453 0.064467 56.100000 81.007920 26.561427 1096.350000
688 13 11 -0.603056 -0.915591 56.100000 81.007920 26.561427 1096.350000
689 13 11 0.491397 -0.980057 56.100000 81.007920 26.561427 1096.350000
690 13 11 1.094453 -0.064467 56.100000 81.007920 26.561427 1096.350000
691 14 0 1.157274 0.052196 56.100000 86.427167 25.145660 1158.450000
692 14 0 0.533434 1.028326 56.100000 86.427167 25.145660 1158.450000
693 14 0 -0.623840 0.976130 56.100000 86.427167 25.145660 1158.450000
694 14 0 -1.157274 -0.052196 56.100000 86.427167 25.145660 1158.450000
695 14 0 -0.533434 -1.028326 56.100000 86.427167 25.145660 1158.450000
696 14 0 0.623840 -0.976130 56.100000 86.427167 25.145660 1158.450000
697 14 1 1.148539 0.151208 56.100000 86.427167 25.145660 1158.450000
698 14 1 0.443320 1.070268 56.100000 86.427167 25.145660 1158.450000
699 14 1 -0.705220 0.919060 56.100000 86.427167 25.145660 1158.450000
700 14 1 -1.148539 -0.151208 56.100000 86.427167 25.145660 1158.450000
701 14 1 -0.443320 -1.070268 56.100000 86.427167 25.145660 1158.450000
702 14 1 0.705220 -0.919060 56.100000 86.427167 25.145660 1158.450000
703 14 2 1.131350 0.249107 56.100000 86.427167 25.145660 1158.450000
704 14 2 0.349942 1.104331 56.100000 86.427167 25.145660 1158.450000
705 14 2 -0.781408 0.855224 56.100000 86.427167 25.145660 1158.450000
706 14 2 -1.131350 -0.249107 56.100000 86.427167 25.145660 1158.450000
707 14 2 -0.349942 -1.104331 56.100000 86.427167 25.145660 1158.450000
708 14 2 0.781408 -0.855224 56.100000 86.427167 25.145660 1158.450000
709 14 3 1.105831 0.345172 56.100000 86.427167 25.145660 1158.450000
710 14 3 0.253988 1.130264 56.100000 86.427167 25.145660 1158.450000
711 14 3 -0.851843 0.785092 56.100000 86.427167 25.145660 1158.450000
712 14 3 -1.105831 -0.345172 56.100000 86.427167 25.145660 1158.450000
713 14 3 -0.253988 -1.130264 56.100000 86.427167 25.145660 1158.450000
714 14 3 0.851843 -0.785092 56.100000 86.427167 25.145660 1158.450000
715 14 4 1.072172 0.438696 56.100000 86.427167 25.145660 1158.450000
716 14 4 0.156164 1.147876 56.100000 86.427167 25.145660 1158.450000
717 14 4 -0.916008 0.709180 56.100000 86.427167 25.145660 1158.450000
718 14 4 -1.072172 -0.438696 56.100000 86.427167 25.145660 1158.450000
719 14 4 -0.156164 -1.147876 56.100000 86.427167 25.145660 1158.450000
720 14 4 0.916008 -0.709180 56.100000 86.427167 25.145660 1158.450000
721 14 5 1.030619 0.528990 56.100000 86.427167 25.145660 1158.450000
722 14 5 0.057190 1.157037 56.100000 86.427167 25.145660 1158.450000
723 14 5 -0.973429 0.628047 56.100000 86.427167 25.145660 1158.450000
724 14 5 -1.030619 -0.528990 56.100000 86.427167 25.145660 1158.450000
725 14 5 -0.057190 -1.157037 56.100000 86.427167 25.145660 1158.450000
726 14 5 0.973429 -0.628047 56.100000 86.427167 25.145660 1158.450000
727 14 6 0.981479 0.615390 56.100000 86.427167 25.145660 1158.450000
728 14 6 -0.042204 1.157681 56.100000 86.427167 25.145660 1158.450000
729 14 6 -1.023683 0.542291 56.100000 86.427167 25.145660 1158.450000
730 14 6 -0.981479 -0.615390 56.100000 86.427167 25.145660 1158.450000
731 14 6 0.042204 -1.157681 56.100000 86.427167 25.145660 1158.450000
732 14 6 1.023683 -0.542291 56.100000 86.427167 25.145660 1158.450000
733 14 7 0.925113 0.697260 56.100000 86.427167 25.145660 1158.450000
734 14 7 -0.141288 1.149802 56.100000 86.427167 25.145660 1158.450000
735 14 7 -1.066402 0.452542 56.100000 86.427167 25.145660 1158.450000
736 14 7 -0.925113 -0.697260 56.100000 86.427167 25.145660 1158.450000
737 14 7 0.141288 -1.149802 56.100000 86.427167 25.145660 1158.450000
738 14 7 1.066402 -0.452542 56.100000 86.427167 25.145660 1158.450000
739 14 8 0.861937 0.773996 56.100000 86.427167 25.145660 1158.450000
740 14 8 -0.239332 1.133458 56.100000 86.427167 25.145660 1158.450000
741 14 8 -1.101269 0.359461 56.100000 86.427167 25.145660 1158.450000
742 14 8 -0.861937 -0.773996 56.100000 86.427167 25.145660 1158.450000
743 14 8 0.239332 -1.133458 56.100000 86.427167 25.145660 1158.450000
744 14 8 1.101269 -0.359461 56.100000 86.427167 25.145660 1158.450000
745 14 9 0.792416 0.845035 56.100000 86.427167 25.145660 1158.450000
746 14 9 -0.335614 1.108770 56.100000 86.427167 25.145660 1158.450000
747 14 9 -1.128029 0.263735 56.100000 86.427167 25.145660 1158.450000
748 14 9 -0.792416 -0.845035 56.100000 86.427167 25.145660 1158.450000
749 14 9 0.335614 -1.108770 56.100000 86.427167 25.145660 1158.450000
750 14 9 1.128029 -0.263735 56.100000 86.427167 25.145660 1158.450000
751 14 10 0.717061 0.909852 56.100000 86.427167 25.145660 1158.450000
752 14 10 -0.429425 1.075919 56.100000 86.427167 25.145660 1158.450000
753 14 10 -1.146485 0.166067 56.100000 86.427167 25.145660 1158.450000
754 14 10 -0.717061 -0.909852 56.100000 86.427167 25.145660 1158.450000
755 14 10 0.429425 -1.075919 56.100000 86.427167 25.145660 1158.450000
756 14 10 1.146485 -0.166067 56.100000 86.427167 25.145660 1158.450000
757 14 11 0.636426 0.967971 56.100000 86.427167 25.145660 1158.450000
758 14 11 -0.520074 1.035147 56.100000 86.427167 25.145660 1158.450000
759 14 11 -1.156501 0.067176 56.100000 86.427167 25.145660 1158.450000
760 14 11 -0.636426 -0.967971 56.100000 86.427167 25.145660 1158.450000
761 14 11 0.520074 -1.035147 56.100000 86.427167 25.145660 1158.450000
762 14 11 1.156501 -0.067176 56.100000 86.427167 25.145660 1158.450000
763 15 0 1.219489 0.050876 56.100000 83.781305 23.874375 1220.550000
764 15 0 0.565685 1.081547 56.100000 83.781305 23.874375 1220.550000
765 15 0 -0.653804 1.030671 56.100000 83.781305 23.874375 1220.550000
766 15 0 -1.219489 -0.050876 56.100000 83.781305 23.874375 1220.550000
767 15 0 -0.565685 -1.081547 56.100000 83.781305 23.874375 1220.550000
768 15 0 0.653804 -1.030671 56.100000 83.781305 23.874375 1220.550000
769 15 1 1.211628 0.147312 56.100000 83.781305 23.874375 1220.550000
770 15 1 0.478238 1.122956 56.100000 83.781305 23.874375 1220.550000
771 15 1 -0.733390 0.975644 56.100000 83.781305 23.874375 1220.550000
772 15 1 -1.211628 -0.147312 56.100000 83.781305 23.874375 1220.550000
773 15 1 -0.478238 -1.122956 56.100000 83.781305 23.874375 1220.550000
774 15 1 0.733390 -0.975644 56.100000 83.781305 23.874375 1220.550000
775 15 2 1.196152 0.242822 56.100000 83.781305 23.874375 1220.550000
776 15 2 0.387786 1.157309 56.100000 83.781305 23.874375 1220.550000
777 15 2 -0.808366 0.914487 56.100000 83.781305 23.874375 1220.550000
778 15 2 -1.196152 -0.242822 56.100000 83.781305 23.874375 1220.550000
779 15 2 -0.387786 -1.157309 56.100000 83.781305 23.874375 1220.550000
780 15 2 0.808366 -0.914487 56.100000 83.781305 23.874375 1220.550000
781 15 3 1.173160 0.336807 56.100000 83.781305 23.874375 1220.550000
782 15 3 0.294897 1.184389 56.100000 83.781305 23.874375 1220.550000
783 15 3 -0.878263 0.847583 56.100000 83.781305 23.874375 1220.550000
784 15 3 -1.173160 -0.336807 56.100000 83.781305 23.874375 1220.550000
785 15 3 -0.294897 -1.184389 56.100000 83.781305 23.874375 1220.550000
786 15 3 0.878263 -0.847583 56.100000 83.781305 23.874375 1220.550000
787 15 4 1.142795 0.428675 56.100000 83.781305 23.874375 1220.550000
788 15 4 0.200154 1.204027 56.100000 83.781305 23.874375 1220.550000
789 15 4 -0.942641 0.775352 56.100000 83.781305 23.874375 1220.550000
790 15 4 -1.142795 -0.428675 56.100000 83.781305 23.874375 1220.550000
791 15 4 -0.200154 -1.204027 56.100000 83.781305 23.874375 1220.550000
792 15 4 0.942641 -0.775352 56.100000 83.781305 23.874375 1220.550000
793 15 5 1.105249 0.517849 56.100000 83.781305 23.874375 1220.550000
794 15 5 0.104154 1.216098 56.100000 83.781305 23.874375 1220.550000
795 15 5 -1.001094 0.698249 56.100000 83.781305 23.874375 1220.550000
796 15 5 -1.105249 -0.517849 56.100000 83.781305 23.874375 1220.550000
797 15 5 -0.104154 -1.216098 56.100000 83.781305 23.874375 1220.550000
798 15 5 1.001094 -0.698249 56.100000 83.781305 23.874375 1220.550000
799 15 6 1.060757 0.603768 56.100000 83.781305 23.874375 1220.550000
800 15 6 0.007500 1.220527 56.100000 83.781305 23.874375 1220.550000
801 15 6 -1.053257 0.616759 56.100000 83.781305 23.874375 1220.550000
802 15 6 -1.060757 -0.603768 56.100000 83.781305 23.874375 1220.550000
803 15 6 -0.007500 -1.220527 56.100000 83.781305 23.874375 1220.550000
804 15 6 1.053257 -0.616759 56.100000 83.781305 23.874375 1220.550000
805 15 7 1.009600 0.685894 56.100000 83.781305 23.874375 1220.550000
806 15 7 -0.089202 1.217286 56.100000 83.781305 23.874375 1220.550000
807 15 7 -1.098802 0.531392 56.100000 83.781305 23.874375 1220.550000
808 15 7 -1.009600 -0.685894 56.100000 83.781305 23.874375 1220.550000
809 15 7 0.089202 -1.217286 56.100000 83.781305 23.874375 1220.550000
810 15 7 1.098802 -0.531392 56.100000 83.781305 23.874375 1220.550000
811 15 8 0.952098 0.763709 56.100000 83.781305 23.874375 1220.550000
812 15 8 -0.185343 1.206396 56.100000 83.781305 23.874375 1220.550000
813 15 8 -1.137441 0.442686 56.100000 83.781305 23.874375 1220.550000
814 15 8 -0.952098 -0.763709 56.100000 83.781305 23.874375 1220.550000
815 15 8 0.185343 -1.206396 56.100000 83.781305 23.874375 1220.550000
816 15 8 1.137441 -0.442686 56.100000 83.781305 23.874375 1220.550000
817 15 9 0.888613 0.836726 56.100000 83.781305 23.874375 1220.550000
818 15 9 -0.280319 1.187924 56.100000 83.781305 23.874375 1220.550000
819 15 9 -1.168932 0.351198 56.100000 83.781305 23.874375 1220.550000
820 15 9 -0.888613 -0.836726 56.100000 83.781305 23.874375 1220.550000
821 15 9 0.280319 -1.187924 56.100000 83.781305 23.874375 1220.550000
822 15 9 1.168932 -0.351198 56.100000 83.781305 23.874375 1220.550000
823 15 10 0.819544 0.904484 56.100000 83.781305 23.874375 1220.550000
824 15 10 -0.373534 1.161987 56.100000 83.781305 23.874375 1220.550000
825 15 10 -1.193078 0.257504 56.100000 83.781305 23.874375 1220.550000
826 15 10 -0.819544 -0.904484 56.100000 83.781305 23.874375 1220.550000
827 15 10 0.373534 -1.161987 56.100000 83.781305 23.874375 1220.550000
828 15 10 1.193078 -0.257504 56.100000 83.781305 23.874375 1220.550000
829 15 11 0.745324 0.966558 56.100000 83.781305 23.874375 1220.550000
830 15 11 -0.464402 1.128749 56.100000 83.781305 23.874375 1220.550000
831 15 11 -1.209726 0.162191 56.100000 83.781305 23.874375 1220.550000
832 15 11 -0.745324 -0.966558 56.100000 83.781305 23.874375 1220.550000
833 15 11 0.464402 -1.128749 56.100000 83.781305 23.874375 1220.550000
834 15 11 1.209726 -0.162191 56.100000 83.781305 23.874375 1220.550000
835 15 12 0.666421 1.022558 56.100000 83.781305 23.874375 1220.550000
836 15 12 -0.552351 1.088417 56.100000 83.781305 23.874375 1220.550000
837 15 12 -1.218772 0.065859 56.100000 83.781305 23.874375 1220.550000
838 15 12 -0.666421 -1.022558 56.100000 83.781305 23.874375 1220.550000
839 15 12 0.552351 -1.088417 56.100000 83.781305 23.874375 1220.550000
840 15 12 1.218772 -0.065859 56.100000 83.781305 23.874375 1220.550000
841 16 0 1.281685 0.049744 56.100000 81.513424 22.726588 1282.650000
842 16 0 0.597763 1.134844 56.100000 81.513424 22.726588 1282.650000
843 16 0 -0.683922 1.085100 56.100000 81.513424 22.726588 1282.650000
844 16 0 -1.281685 -0.049744 56.100000 81.513424 22.726588 1282.650000
845 16 0 -0.597763 -1.134844 56.100000 81.513424 22.726588 1282.650000
846 16 0 0.683922 -1.085100 56.100000 81.513424 22.726588 1282.650000
847 16 1 1.274545 0.143966 56.100000 81.513424 22.726588 1282.650000
848 16 1 0.512594 1.175771 56.100000 81.513424 22.726588 1282.650000
849 16 1 -0.761951 1.031805 56.100000 81.513424 22.726588 1282.650000
850 16 1 -1.274545 -0.143966 56.100000 81.513424 22.726588 1282.650000
851 16 1 -0.512594 -1.175771 56.100000 81.513424 22.726588 1282.650000
852 16 1 0.761951 -1.031805 56.100000 81.513424 22.726588 1282.650000
853 16 2 1.260488 0.237407 56.100000 81.513424 22.726588 1282.650000
854 16 2 0.424644 1.210318 56.100000 81.513424 22.726588 1282.650000
855 16 2 -0.835844 0.972911 56.100000 81.513424 22.726588 1282.650000
856 16 2 -1.260488 -0.237407 56.100000 81.513424 22.726588 1282.650000
857 16 2 -0.424644 -1.210318 56.100000 81.513424 22.726588 1282.650000
858 16 2 0.835844 -0.972911 56.100000 81.513424 22.726588 1282.650000
859 16 3 1.239589 0.329559 56.100000 81.513424 22.726588 1282.650000
860 16 3 0.334388 1.238295 56.100000 81.513424 22.726588 1282.650000
861 16 3 -0.905201 0.908737 56.100000 81.513424 22.726588 1282.650000
862 16 3 -1.239589 -0.329559 56.100000 81.513424 22.726588 1282.650000
863 16 3 -0.334388 -1.238295 56.100000 81.513424 22.726588 1282.650000
864 16 3 0.905201 -0.908737 56.100000 81.513424 22.726588 1282.650000
865 16 4 1.211964 0.419922 56.100000 81.513424 22.726588 1282.650000
866 16 4 0.242318 1.259553 56.100000 81.513424 22.726588 1282.650000
867 16 4 -0.969645 0.839630 56.100000 81.513424 22.726588 1282.650000
868 16 4 -1.211964 -0.419922 56.100000 81.513424 22.726588 1282.650000
869 16 4 -0.242318 -1.259553 56.100000 81.513424 22.726588 1282.650000
870 16 4 0.969645 -0.839630 56.100000 81.513424 22.726588 1282.650000
871 16 5 1.177761 0.508007 56.100000 81.513424 22.726588 1282.650000
872 16 5 0.148933 1.273974 56.100000 81.513424 22.726588 1282.650000
873 16 5 -1.028827 0.765967 56.100000 81.513424 22.726588 1282.650000
874 16 5 -1.177761 -0.508007 56.100000 81.513424 22.726588 1282.650000
875 16 5 -0.148933 -1.273974 56.100000 81.513424 22.726588 1282.650000
876 16 5 1.028827 -0.765967 56.100000 81.513424 22.726588 1282.650000
877 16 6 1.137165 0.593334 56.100000 81.513424 22.726588 1282.650000
878 16 6 0.054740 1.281481 56.100000 81.513424 22.726588 1282.650000
879 16 6 -1.082425 0.688147 56.100000 81.513424 22.726588 1282.650000
880 16 6 -1.137165 -0.593334 56.100000 81.513424 22.726588 1282.650000
881 16 6 -0.054740 -1.281481 56.100000 81.513424 22.726588 1282.650000
882 16 6 1.082425 -0.688147 56.100000 81.513424 22.726588 1282.650000
883 16 7 1.090399 0.675442 56.100000 81.513424 22.726588 1282.650000
884 16 7 -0.039750 1.282034 56.100000 81.513424 22.726588 1282.650000
885 16 7 -1.130149 0.606592 56.100000 81.513424 22.726588 1282.650000
886 16 7 -1.090399 -0.675442 56.100000 81.513424 22.726588 1282.650000
887 16 7 0.039750 -1.282034 56.100000 81.513424 22.726588 1282.650000
888 16 7 1.130149 -0.606592 56.100000 81.513424 22.726588 1282.650000
889 16 8 1.037714 0.753883 56.100000 81.513424 22.726588 1282.650000
890 16 8 -0.134025 1.275629 56.100000 81.513424 22.726588 1282.650000
891 16 8 -1.171739 0.521745 56.100000 81.513424 22.726588 1282.650000
892 16 8 -1.037714 -0.753883 56.100000 81.513424 22.726588 1282.650000
893 16 8 0.134025 -1.275629 56.100000 81.513424 22.726588 1282.650000
894 16 8 1.171739 -0.521745 56.100000 81.513424 22.726588 1282.650000
895 16 9 0.979398 0.828234 56.100000 81.513424 22.726588 1282.650000
896 16 9 -0.227572 1.262300 56.100000 81.513424 22.726588 1282.650000
897 16 9 -1.206970 0.434067 56.100000 81.513424 22.726588 1282.650000
898 16 9 -0.979398 -0.828234 56.100000 81.513424 22.726588 1282.650000
899 16 9 0.227572 -1.262300 56.100000 81.513424 22.726588 1282.650000
900 16 9 1.206970 -0.434067 56.100000 81.513424 22.726588 1282.650000
901 16 10 0.915766 0.898089 56.100000 81.513424 22.726588 1282.650000
902 16 10 -0.319885 1.242121 56.100000 81.513424 22.726588 1282.650000
903 16 10 -1.235651 0.344032 56.100000 81.513424 22.726588 1282.650000
904 16 10 -0.915766 -0.898089 56.100000 81.513424 22.726588 1282.650000
905 16 10 0.319885 -1.242121 56.100000 81.513424 22.726588 1282.650000
906 16 10 1.235651 -0.344032 56.100000 81.513424 22.726588 1282.650000
907 16 11 0.847164 0.963070 56.100000 81.513424 22.726588 1282.650000
908 16 11 -0.410461 1.215201 56.100000 81.513424 22.726588 1282.650000
909 16 11 -1.257625 0.252131 56.100000 81.513424 22.726588 1282.650000
910 16 11 -0.847164 -0.963070 56.100000 81.513424 22.726588 1282.650000
911 16 11 0.410461 -1.215201 56.100000 81.513424 22.726588 1282.650000
912 16 11 1.257625 -0.252131 56.100000 81.513424 22.726588 1282.650000
913 16 12 0.773965 1.022824 56.100000 81.513424 22.726588 1282.650000
914 16 12 -0.498809 1.181685 56.100000 81.513424 22.726588 1282.650000
915 16 12 -1.272774 0.158861 56.100000 81.513424 22.726588 1282.650000
916 16 12 -0.773965 -1.022824 56.100000 81.513424 22.726588 1282.650000
917 16 12 0.498809 -1.181685 56.100000 81.513424 22.726588 1282.650000
918 16 12 1.272774 -0.158861 56.100000 81.513424 22.726588 1282.650000
919 16 13 0.696565 1.077028 56.100000 81.513424 22.726588 1282.650000
920 16 13 -0.584451 1.141757 56.100000 81.513424 22.726588 1282.650000
921 16 13 -1.281016 0.064729 56.100000 81.513424 22.726588 1282.650000
922 16 13 -0.696565 -1.077028 56.100000 81.513424 22.726588 1282.650000
923 16 13 0.584451 -1.141757 56.100000 81.513424 22.726588 1282.650000
924 16 13 1.281016 -0.064729 56.100000 81.513424 22.726588 1282.650000
925 17 0 1.343742 0.052066 56.100000 86.158493 21.685188 1344.750000
926 17 0 0.626780 1.189748 56.100000 86.158493 21.685188 1344.750000
927 17 0 -0.716962 1.137681 56.100000 86.158493 21.685188 1344.750000
928 17 0 -1.343742 -0.052066 56.100000 86.158493 21.685188 1344.750000
929 17 0 -0.626780 -1.189748 56.100000 86.158493 21.685188 1344.750000
930 17 0 0.716962 -1.137681 56.100000 86.158493 21.685188 1344.750000
931 17 1 1.336254 0.150919 56.100000 86.158493 21.685188 1344.750000
932 17 1 0.537427 1.232690 56.100000 86.158493 21.685188 1344.750000
933 17 1 -0.798827 1.081771 56.100000 86.158493 21.685188 1344.750000
934 17 1 -1.336254 -0.150919 56.100000 86.158493 21.685188 1344.750000
935 17 1 -0.537427 -1.232690 56.100000 86.158493 21.685188 1344.750000
936 17 1 0.798827 -1.081771 56.100000 86.158493 21.685188 1344.750000
937 17 2 1.321505 0.248952 56.100000 86.158493 21.685188 1344.750000
938 17 2 0.445154 1.268933 56.100000 86.158493 21.685188 1344.750000
939 17 2 -0.876351 1.019981 56.100000 86.158493 21.685188 1344.750000
940 17 2 -1.321505 -0.248952 56.100000 86.158493 21.685188 1344.750000
941 17 2 -0.445154 -1.268933 56.100000 86.158493 21.685188 1344.750000
942 17 2 0.876351 -1.019981 56.100000 86.158493 21.685188 1344.750000
943 17 3 1.299574 0.345631 56.100000 86.158493 21.685188 1344.750000
944 17 3 0.350461 1.298279 56.100000 86.158493 21.685188 1344.750000
945 17 3 -0.949112 0.952648 56.100000 86.158493 21.685188 1344.750000
946 17 3 -1.299574 -0.345631 56.100000 86.158493 21.685188 1344.750000
947 17 3 -0.350461 -1.298279 56.100000 86.158493 21.685188 1344.750000
948 17 3 0.949112 -0.952648 56.100000 86.158493 21.685188 1344.750000
949 17 4 1.270579 0.440433 56.100000 86.158493 21.685188 1344.750000
950 17 4 0.253864 1.320570 56.100000 86.158493 21.685188 1344.750000
951 17 4 -1.016716 0.880137 56.100000 86.158493 21.685188 1344.750000
952 17 4 -1.270579 -0.440433 56.100000 86.158493 21.685188 1344.750000
953 17 4 -0.253864 -1.320570 56.100000 86.158493 21.685188 1344.750000
954 17 4 1.016716 -0.880137 56.100000 86.158493 21.685188 1344.750000
955 17 5 1.234680 0.532840 56.100000 86.158493 21.685188 1344.750000
956 17 5 0.155886 1.335684 56.100000 86.158493 21.685188 1344.750000
957 17 5 -1.078793 0.802844 56.100000 86.158493 21.685188 1344.750000
958 17 5 -1.234680 -0.532840 56.100000 86.158493 21.685188 1344.750000
959 17 5 -0.155886 -1.335684 56.100000 86.158493 21.685188 1344.750000
960 17 5 1.078793 -0.802844 56.100000 86.158493 21.685188 1344.750000
961 17 6 1.192070 0.622352 56.100000 86.158493 21.685188 1344.750000
962 17 6 0.057062 1.343539 56.100000 86.158493 21.685188 1344.750000
963 17 6 -1.135008 0.721187 56.100000 86.158493 21.685188 1344.750000
964 17 6 -1.192070 -0.622352 56.100000 86.158493 21.685188 1344.750000
965 17 6 -0.057062 -1.343539 56.100000 86.158493 21.685188 1344.750000
966 17 6 1.135008 -0.721187 56.100000 86.158493 21.685188 1344.750000
967 17 7 1.142981 0.708482 56.100000 86.158493 21.685188 1344.750000
968 17 7 -0.042072 1.344092 56.100000 86.158493 21.685188 1344.750000
969 17 7 -1.185054 0.635610 56.100000 86.158493 21.685188 1344.750000
970 17 7 -1.142981 -0.708482 56.100000 86.158493 21.685188 1344.750000
971 17 7 0.042072 -1.344092 56.100000 86.158493 21.685188 1344.750000
972 17 7 1.185054 -0.635610 56.100000 86.158493 21.685188 1344.750000
973 17 8 1.087681 0.790761 56.100000 86.158493 21.685188 1344.750000
974 17 8 -0.140978 1.337340 56.100000 86.158493 21.685188 1344.750000
975 17 8 -1.228659 0.546579 56.100000 86.158493 21.685188 1344.750000
976 17 8 -1.087681 -0.790761 56.100000 86.158493 21.685188 1344.750000
977 17 8 0.140978 -1.337340 56.100000 86.158493 21.685188 1344.750000
978 17 8 1.228659 -0.546579 56.100000 86.158493 21.685188 1344.750000
979 17 9 1.026470 0.868742 56.100000 86.158493 21.685188 1344.750000
980 17 9 -0.239118 1.323320 56.100000 86.158493 21.685188 1344.750000
981 17 9 -1.265587 0.454578 56.100000 86.158493 21.685188 1344.750000
982 17 9 -1.026470 -0.868742 56.100000 86.158493 21.685188 1344.750000
983 17 9 0.239118 -1.323320 56.100000 86.158493 21.685188 1344.750000
984 17 9 1.265587 -0.454578 56.100000 86.158493 21.685188 1344.750000
985 17 10 0.959679 0.942002 56.100000 86.158493 21.685188 1344.750000
986 17 10 -0.335958 1.302108 56.100000 86.158493 21.685188 1344.750000
987 17 10 -1.295637 0.360106 56.100000 86.158493 21.685188 1344.750000
988 17 10 -0.959679 -0.942002 56.100000 86.158493 21.685188 1344.750000
989 17 10 0.335958 -1.302108 56.100000 86.158493 21.685188 1344.750000
990 17 10 1.295637 -0.360106 56.100000 86.158493 21.685188 1344.750000
991 17 11 0.887674 1.010143 56.100000 86.158493 21.685188 1344.750000
992 17 11 -0.430972 1.273819 56.100000 86.158493 21.685188 1344.750000
993 17 11 -1.318646 0.263677 56.100000 86.158493 21.685188 1344.750000
994 17 11 -0.887674 -1.010143 56.100000 86.158493 21.685188 1344.750000
995 17 11 0.430972 -1.273819 56.100000 86.158493 21.685188 1344.750000
996 17 11 1.318646 -0.263677 56.100000 86.158493 21.685188 1344.750000
997 17 12 0.810844 1.072793 56.100000 86.158493 21.685188 1344.750000
998 17 12 -0.523644 1.238608 56.100000 86.158493 21.685188 1344.750000
999 17 12 -1.334488 0.165815 56.100000 86.158493 21.685188 1344.750000
1000 17 12 -0.810844 -1.072793 56.100000 86.158493 21.685188 1344.750000
1001 17 12 0.523644 -1.238608 56.100000 86.158493 21.685188 1344.750000
1002 17 12 1.334488 -0.165815 56.100000 86.158493 21.685188 1344.750000
1003 17 13 0.729607 1.129613 56.100000 86.158493 21.685188 1344.750000
1004 17 13 -0.613470 1.196665 56.100000 86.158493 21.685188 1344.750000
1005 17 13 -1.343077 0.067051 56.100000 86.158493 21.685188 1344.750000
1006 17 13 -0.729607 -1.129613 56.100000 86.158493 21.685188 1344.750000
1007 17 13 0.613470 -1.196665 56.100000 86.158493 21.685188 1344.750000
1008 17 13 1.343077 -0.067051 56.100000 86.158493 21.685188 1344.750000
1009 18 0 1.405928 0.050931 56.100000 83.883325 20.736087 1406.850000
1010 18 0 0.658857 1.243034 56.100000 83.883325 20.736087 1406.850000
1011 18 0 -0.747071 1.192104 56.100000 83.883325 20.736087 1406.850000
1012 18 0 -1.405928 -0.050931 56.100000 83.883325 20.736087 1406.850000
1013 18 0 -0.658857 -1.243034 56.100000 83.883325 20.736087 1406.850000
1014 18 0 0.747071 -1.192104 56.100000 83.883325 20.736087 1406.850000
1015 18 1 1.399091 0.147553 56.100000 83.883325 20.736087 1406.850000
1016 18 1 0.571761 1.285425 56.100000 83.883325 20.736087 1406.850000
1017 18 1 -0.827330 1.137872 56.100000 83.883325 20.736087 1406.850000
1018 18 1 -1.399091 -0.147553 56.100000 83.883325 20.736087 1406.850000
1019 18 1 -0.571761 -1.285425 56.100000 83.883325 20.736087 1406.850000
1020 18 1 0.827330 -1.137872 56.100000 83.883325 20.736087 1406.850000
1021 18 2 1.385621 0.243476 56.100000 83.883325 20.736087 1406.850000
1022 18 2 0.481954 1.321721 56.100000 83.883325 20.736087 1406.850000
1023 18 2 -0.903667 1.078245 56.100000 83.883325 20.736087 1406.850000
1024 18 2 -1.385621 -0.243476 56.100000 83.883325 20.736087 1406.850000
1025 18 2 -0.481954 -1.321721 56.100000 83.883325 20.736087 1406.850000
1026 18 2 0.903667 -1.078245 56.100000 83.883325 20.736087 1406.850000
1027 18 3 1.365583 0.338245 56.100000 83.883325 20.736087 1406.850000
1028 18 3 0.389863 1.351752 56.100000 83.883325 20.736087 1406.850000
1029 18 3 -0.975720 1.013507 56.100000 83.883325 20.736087 1406.850000
1030 18 3 -1.365583 -0.338245 56.100000 83.883325 20.736087 1406.850000
1031 18 3 -0.389863 -1.351752 56.100000 83.883325 20.736087 1406.850000
1032 18 3 0.975720 -1.013507 56.100000 83.883325 20.736087 1406.850000
1033 18 4 1.339071 0.431411 56.100000 83.883325 20.736087 1406.850000
1034 18 4 0.295923 1.375375 56.100000 83.883325 20.736087 1406.850000
1035 18 4 -1.043148 0.943964 56.100000 83.883325 20.736087 1406.850000
1036 18 4 -1.339071 -0.431411 56.100000 83.883325 20.736087 1406.850000
1037 18 4 -0.295923 -1.375375 56.100000 83.883325 20.736087 1406.850000
1038 18 4 1.043148 -0.943964 56.100000 83.883325 20.736087 1406.850000
1039 18 5 1.306212 0.522531 56.100000 83.883325 20.736087 1406.850000
1040 18 5 0.200581 1.392478 56.100000 83.883325 20.736087 1406.850000
1041 18 5 -1.105631 0.869947 56.100000 83.883325 20.736087 1406.850000
1042 18 5 -1.306212 -0.522531 56.100000 83.883325 20.736087 1406.850000
1043 18 5 -0.200581 -1.392478 56.100000 83.883325 20.736087 1406.850000
1044 18 5 1.105631 -0.869947 56.100000 83.883325 20.736087 1406.850000
1045 18 6 1.267160 0.611174 56.100000 83.883325 20.736087 1406.850000
1046 18 6 0.104288 1.402979 56.100000 83.883325 20.736087 1406.850000
1047 18 6 -1.162872 0.791805 56.100000 83.883325 20.736087 1406.850000
1048 18 6 -1.267160 -0.611174 56.100000 83.883325 20.736087 1406.850000
1049 18 6 -0.104288 -1.402979 56.100000 83.883325 20.736087 1406.850000
1050 18 6 1.162872 -0.791805 56.100000 83.883325 20.736087 1406.850000
1051 18 7 1.222101 0.696920 56.100000 83.883325 20.736087 1406.850000
1052 18 7 0.007500 1.406830 56.100000 83.883325 20.736087 1406.850000
1053 18 7 -1.214601 0.709910 56.100000 83.883325 20.736087 1406.850000
1054 18 7 -1.222101 -0.696920 56.100000 83.883325 20.736087 1406.850000
1055 18 7 -0.007500 -1.406830 56.100000 83.883325 20.736087 1406.850000
1056 18 7 1.214601 -0.709910 56.100000 83.883325 20.736087 1406.850000
1057 18 8 1.171248 0.779362 56.100000 83.883325 20.736087 1406.850000
1058 18 8 -0.089323 1.404011 56.100000 83.883325 20.736087 1406.850000
1059 18 8 -1.260571 0.624650 56.100000 83.883325 20.736087 1406.850000
1060 18 8 -1.171248 -0.779362 56.100000 83.883325 20.736087 1406.850000
1061 18 8 0.089323 -1.404011 56.100000 83.883325 20.736087 1406.850000
1062 18 8 1.260571 -0.624650 56.100000 83.883325 20.736087 1406.850000
1063 18 9 1.114843 0.858109 56.100000 83.883325 20.736087 1406.850000
1064 18 9 -0.185723 1.394537 56.100000 83.883325 20.736087 1406.850000
1065 18 9 -1.300566 0.536428 56.100000 83.883325 20.736087 1406.850000
1066 18 9 -1.114843 -0.858109 56.100000 83.883325 20.736087 1406.850000
1067 18 9 0.185723 -1.394537 56.100000 83.883325 20.736087 1406.850000
1068 18 9 1.300566 -0.536428 56.100000 83.883325 20.736087 1406.850000
1069 18 10 1.053153 0.932789 56.100000 83.883325 20.736087 1406.850000
1070 18 10 -0.281242 1.378452 56.100000 83.883325 20.736087 1406.850000
1071 18 10 -1.334396 0.445663 56.100000 83.883325 20.736087 1406.850000
1072 18 10 -1.053153 -0.932789 56.100000 83.883325 20.736087 1406.850000
1073 18 10 0.281242 -1.378452 56.100000 83.883325 20.736087 1406.850000
1074 18 10 1.334396 -0.445663 56.100000 83.883325 20.736087 1406.850000
1075 18 11 0.986471 1.003046 56.100000 83.883325 20.736087 1406.850000
1076 18 11 -0.375428 1.355832 56.100000 83.883325 20.736087 1406.850000
1077 18 11 -1.361899 0.352786 56.100000 83.883325 20.736087 1406.850000
1078 18 11 -0.986471 -1.003046 56.100000 83.883325 20.736087 1406.850000
1079 18 11 0.375428 -1.355832 56.100000 83.883325 20.736087 1406.850000
1080 18 11 1.361899 -0.352786 56.100000 83.883325 20.736087 1406.850000
1081 18 12 0.915112 1.068549 56.100000 83.883325 20.736087 1406.850000
1082 18 12 -0.467835 1.326785 56.100000 83.883325 20.736087 1406.850000
1083 18 12 -1.382947 0.258236 56.100000 83.883325 20.736087 1406.850000
1084 18 12 -0.915112 -1.068549 56.100000 83.883325 20.736087 1406.850000
1085 18 12 0.467835 -1.326785 56.100000 83.883325 20.736087 1406.850000
1086 18 12 1.382947 -0.258236 56.100000 83.883325 20.736087 1406.850000
1087 18 13 0.839415 1.128986 56.100000 83.883325 20.736087 1406.850000
1088 18 13 -0.558023 1.291448 56.100000 83.883325 20.736087 1406.850000
1089 18 13 -1.397438 0.162462 56.100000 83.883325 20.736087 1406.850000
1090 18 13 -0.839415 -1.128986 56.100000 83.883325 20.736087 1406.850000
1091 18 13 0.558023 -1.291448 56.100000 83.883325 20.736087 1406.850000
1092 18 13 1.397438 -0.162462 56.100000 83.883325 20.736087 1406.850000
1093 18 14 0.759739 1.184071 56.100000 83.883325 20.736087 1406.850000
1094 18 14 -0.645566 1.249988 56.100000 83.883325 20.736087 1406.850000
1095 18 14 -1.405305 0.065918 56.100000 83.883325 20.736087 1406.850000
1096 18 14 -0.759739 -1.184071 56.100000 83.883325 20.736087 1406.850000
1097 18 14 0.645566 -1.249988 56.100000 83.883325 20.736087 1406.850000
1098 18 14 1.405305 -0.065918 56.100000 83.883325 20.736087 1406.850000
