  1    1.00800    1.00000
  1  0.    1.00000  0.    1.00000  0.    1.00000    13.6000    1.07895E-17    3.23469
  2    4.00260    1.00000E-01
  2    4.30000E-13   0.672000    1.90000E-03    470000.   0.300000    94000.0    23.8697    7.8e-18    3.3
  1  0.    1.00000  0.    1.00000  0.    1.00000    54.4000    2.36962E-18    3.172
  6    12.0111    4.46700E-04
  6    4.70000E-13   0.624000    6.90000E-04    110000.    3.00000    49000.0    279.639    1.05536E-18    2.46753
  5    2.30000E-12   0.645000    7.00000E-03    150000.   0.500000    230000.    296.039    9.96898E-19    2.47739
  4    3.20000E-12   0.770000    3.80000E-03    91000.0    2.00000    370000.    317.426    9.29732E-19    2.48952
  3    7.50000E-12   0.817000    4.80000E-02    3.40000E+06   0.200000    510000.    347.294    8.49773E-19    2.50524
  2    1.70000E-11   0.721000    4.80000E-02    4.10000E+06   0.200000    760000.    394.223    7.48614E-19    2.52756
  1    1.47000E-11   0.726000  0.    1.00000  0.    1.00000    489.600    6.02780E-19    2.56619
  7    14.0067    0.91200E-04
  7    4.10000E-13   0.608000    5.20000E-04    130000.    3.80000    48000.0    394.965    7.47208E-19    2.52790
  6    2.20000E-12   0.639000    1.70000E-03    140000.    4.10000    68000.0    411.675    7.16878E-19    2.53524
  5    5.00000E-12   0.676000    1.20000E-02    180000.    1.40000    380000.    432.355    6.82590E-19    2.54395
  4    6.50000E-12   0.743000    5.50000E-03    110000.    3.00000    590000.    459.083    6.42849E-19    2.55466
  3    1.50000E-11   0.850000    7.60000E-02    4.70000E+06   0.200000    720000.    495.994    5.95009E-19    2.56852
  2    2.90000E-11   0.750000    6.60000E-02    5.40000E+06   0.200000    980000.    553.112    5.33565E-19    2.58819
  1    2.00000E-11   0.726000  0.    1.00000  0.    1.00000    666.400    4.42859E-19    2.62217
  8    15.9994    7.41300E-04
  8    3.10000E-13   0.678000    1.40000E-03    170000.    2.50000    130000.    532.673    5.54038E-19    2.58138
  7    2.00000E-12   0.646000    1.40000E-03    170000.    3.30000    58000.0    549.737    5.36840E-19    2.58709
  6    5.10000E-12   0.666000    2.80000E-03    180000.    6.00000    91000.0    570.117    5.17650E-19    2.59369
  5    9.60000E-12   0.670000    1.70000E-02    220000.    2.00000    590000.    595.199    4.95836E-19    2.60152
  4    1.20000E-11   0.779000    7.10000E-03    130000.    3.20000    800000.    627.403    4.70385E-19    2.61113
  3    2.30000E-11   0.802000   0.110000    6.20000E+06   0.200000    950000.    671.506    4.39491E-19    2.62358
  2    4.10000E-11   0.742000    8.60000E-02    7.00000E+06   0.200000    1.30000E+06    738.980    3.99362E-19    2.64122
  1    2.62000E-11   0.726000  0.    1.00000  0.    1.00000    870.400    3.39064E-19    2.67165
  10    20.1790    1.38000E-04
  10    2.20000E-13   0.759000    1.30000E-03    310000.    1.90000    150000.    878.090    3.36094E-19    2.67330
  9    1.50000E-12   0.693000    3.10000E-03    290000.   0.600000    170000.    895.845    3.29433E-19    2.67705
  8    4.40000E-12   0.675000    7.50000E-03    260000.   0.700000    450000.    916.119    3.22143E-19    2.68125
  7    9.10000E-12   0.668000    5.70000E-03    240000.    4.30000    170000.    939.659    3.14072E-19    2.68601
  6    1.50000E-11   0.684000    1.00000E-02    240000.    4.80000    350000.    967.587    3.05007E-19    2.69152
  5    2.30000E-11   0.704000    4.00000E-02    290000.    1.60000    1.10000E+06   1001.693    2.94622E-19    2.69806
  4    2.80000E-11   0.771000    1.10000E-02    170000.    5.00000    1.30000E+06    1045.07    2.82392E-19    2.70608
  3    5.00000E-11   0.832000   0.180000    9.80000E+06   0.200000    1.40000E+06    1103.79    2.67371E-19    2.71645
  2    8.60000E-11   0.769000   0.130000    1.10000E+07   0.200000    2.60000E+06    1192.18    2.47546E-19    2.73114
  1    4.09000E-11   0.726000  0.    1.00000  0.    1.00000    1360.00    2.17001E-19    2.75643
  12    24.3050    3.98100E-05
  12    1.40000E-13   0.855000    1.70000E-03    51000.0  0.    1.00000    1321.01    2.23406E-19    2.75083
  11    8.80000E-13   0.838000    3.50000E-03    610000.  0.    1.00000    1339.35    2.20347E-19    2.75348
  10    3.50000E-12   0.734000    3.90000E-03    440000.    3.00000    410000.    1359.72    2.17045E-19    2.75640
  9    7.70000E-12   0.718000    9.30000E-03    390000.    3.20000    870000.    1382.62    2.13451E-19    2.75962
  8    1.40000E-11   0.716000    1.50000E-02    340000.    3.20000   1000000.    1408.66    2.09505E-19    2.76323
  7    2.30000E-11   0.695000    1.20000E-02    310000.    6.70000    540000.    1438.78    2.05118E-19    2.76732
  6    3.20000E-11   0.691000    1.40000E-02    310000.    4.40000    360000.    1474.36    2.00169E-19    2.77206
  5    4.60000E-11   0.711000    3.80000E-02    360000.    3.50000    1.60000E+06    1517.57    1.94469E-19    2.77767
  4    5.80000E-11   0.804000    1.40000E-02    210000.   10.00000    2.10000E+06    1572.19    1.87713E-19    2.78455
  3    9.10000E-11   0.830000   0.260000    1.40000E+07   0.200000    2.40000E+06    1645.51    1.79349E-19    2.79345
  2    1.50000E-10   0.779000   0.170000    1.50000E+07   0.200000    3.50000E+06    1754.70    1.68189E-19    2.80604
  1    5.89000E-11   0.726000  0.    1.00000  0.    1.00000    1958.40    1.50695E-19    2.82770
  14    28.0860    3.71500E-05
  14    5.90000E-13   0.601000    6.20000E-03    110000.  0.    1.00000    1865.80    1.58174E-19    2.81813
  13    1.00000E-12   0.786000    1.40000E-02    120000.  0.    1.00000    1884.59    1.56597E-19    2.82010
  12    3.70000E-12   0.693000    1.10000E-02   100000.0  0.    1.00000    1905.09    1.54912E-19    2.82224
  11    5.50000E-12   0.821000    1.40000E-02    1.20000E+06  0.    1.00000    1927.63    1.53100E-19    2.82457
  10    1.20000E-11   0.735000    7.80000E-03    5.50000E+06   10.00000   1000000.    1952.63    1.51141E-19    2.82711
  9    2.10000E-11   0.716000    1.60000E-02    490000.    4.00000    1.30000E+06    1980.63    1.49003E-19    2.82993
  8    3.00000E-11   0.702000    2.30000E-02    420000.    8.00000    1.70000E+06    2012.42    1.46650E-19    2.83309
  7    4.30000E-11   0.688000    1.10000E-02    380000.    6.30000    600000.    2049.08    1.44026E-19    2.83667
  6    5.80000E-11   0.703000    1.10000E-02    370000.    6.00000    1.10000E+06    2092.22    1.41056E-19    2.84081
  5    7.70000E-11   0.714000    4.80000E-02    420000.    5.00000    2.50000E+06    2144.43    1.37622E-19    2.84572
  4    1.20000E-10   0.855000    1.80000E-02    250000.   10.50000    2.80000E+06    2210.09    1.33533E-19    2.85173
  3    1.50000E-10   0.831000   0.340000    1.90000E+07   0.200000    3.10000E+06    2297.73    1.28440E-19    2.85951
  2    2.10000E-10   0.765000   0.210000    2.00000E+07   0.200000    4.40000E+06    2427.19    1.21590E-19    2.87050
  1    8.02000E-11   0.726000  0.    1.00000  0.    1.00000    2665.60    1.10715E-19    2.88939
  16    32.0600    1.90500E-05
  16    4.10000E-13   0.630000    7.30000E-05    110000.  0.    1.00000    2516.33    1.17282E-19    2.87775
  15    1.80000E-12   0.686000    4.90000E-03    120000.    2.50000    88000.0    2535.42    1.16399E-19    2.87928
  14    2.70000E-12   0.745000    9.10000E-03    130000.    6.00000    150000.    2555.99    1.15462E-19    2.88091
  13    5.70000E-12   0.755000    4.30000E-02    180000.  0.    1.00000    2578.27    1.14465E-19    2.88266
  12    1.20000E-11   0.701000    2.50000E-02    150000.  0.    1.00000    2602.55    1.13397E-19    2.88455
  11    1.70000E-11   0.849000    3.10000E-02    1.90000E+06  0.    1.00000    2629.20    1.12247E-19    2.88661
  10    2.70000E-11   0.733000    1.30000E-02    670000.    22.0000    1.80000E+06    2658.72    1.11001E-19    2.88886
  9    4.00000E-11   0.696000    2.10000E-02    590000.    6.40000    2.00000E+06    2691.72    1.09640E-19    2.89136
  8    5.50000E-11   0.711000    3.50000E-02    550000.    13.0000    2.30000E+06    2729.11    1.08138E-19    2.89415
  7    7.40000E-11   0.716000    3.00000E-02    470000.    6.80000    1.20000E+06    2772.12    1.06460E-19    2.89732
  6    7.20000E-11   0.714000    3.10000E-02    420000.    6.30000    1.30000E+06    2822.62    1.04556E-19    2.90099
  5    1.40000E-10   0.755000    6.30000E-02    500000.    4.10000    3.40000E+06    2883.53    1.02347E-19    2.90532
  4    1.70000E-10   0.832000    2.30000E-02    300000.    12.0000    3.60000E+06    2959.88    9.97072E-20    2.91064
  3    2.50000E-10   0.852000   0.420000    2.40000E+07   0.200000    4.60000E+06    3061.29    9.64041E-20    2.91752
  2    3.30000E-10   0.783000   0.250000    2.50000E+07   0.200000    5.50000E+06    3210.16    9.19335E-20    2.92723
  1    1.05000E-10   0.726000  0.    1.00000  0.    1.00000    3481.60    8.47659E-20    2.94391
  26    55.8470    3.31100E-05
  26    1.42000E-13   0.891000    1.58000E-03    60000.0   0.456000    89700.0    7465.85    3.95294E-20    3.10539
  25    1.02000E-12   0.843000    8.38000E-03    194000.   0.323000    171000.    7484.58    3.94305E-20    3.10593
  24    3.32000E-12   0.746000    1.54000E-02    331000.   0.310000    273000.    7504.13    3.93278E-20    3.10650
  23    7.80000E-12   0.682000    3.75000E-02    432000.   0.411000    349000.    7524.56    3.92210E-20    3.10709
  22    1.51000E-11   0.699000   0.117000    628000.   0.359000    529000.    7545.97    3.91098E-20    3.10771
  21    2.62000E-11   0.728000   0.254000    750000.    9.75000E-02    469000.    7568.43    3.89937E-20    3.10835
  20    4.12000E-11   0.759000   0.291000    773000.   0.229000    654000.    7592.06    3.88723E-20    3.10903
  19    6.05000E-11   0.790000   0.150000    262000.    4.20000    1.32000E+06    7616.98    3.87451E-20    3.10975
  18    8.13000E-11   0.810000   0.140000    250000.    3.30000    1.33000E+06    7643.34    3.86115E-20    3.11050
  17    1.09000E-10   0.829000    1.00000E-01    257000.    5.30000    1.41000E+06    7671.30    3.84708E-20    3.11129
  16    1.33000E-10   0.828000   0.200000    284000.    1.50000    1.52000E+06    7701.08    3.83220E-20    3.11214
  15    1.64000E-10   0.834000   0.240000    869000.   0.700000    1.51000E+06    7732.90    3.81644E-20    3.11303
  14    2.00000E-10   0.836000   0.236000    421000.   0.600000    1.82000E+06    7767.06    3.79965E-20    3.11400
  13    2.41000E-10   0.840000   0.190000    457000.   0.500000    1.84000E+06    7803.92    3.78170E-20    3.11503
  12    2.89000E-10   0.846000   0.120000    285000.    1.00000    2.31000E+06    7843.93    3.76241E-20    3.11614
  11    3.42000E-10   0.850000   0.350000    818000.  0.    1.00000    7887.66    3.74155E-20    3.11736
  10    3.87000E-10   0.836000    6.60000E-02    1.51000E+06    7.80000    9.98000E+06    7935.84    3.71884E-20    3.11869
  9    4.52000E-10   0.824000    1.00000E-01    1.30000E+06    6.30000    9.98000E+06    7989.44    3.69389E-20    3.12015
  8    5.25000E-10   0.816000   0.130000    1.19000E+06    5.50000    1.00000E+07    8049.80    3.66619E-20    3.12180
  7    6.07000E-10   0.811000   0.230000    1.09000E+06    3.60000    1.10000E+07    8118.77    3.63505E-20    3.12366
  6    6.98000E-10   0.880000   0.140000    962000.    4.90000    8.34000E+06    8199.13    3.59942E-20    3.12582
  5    7.72000E-10   0.800000   0.110000    723000.    1.60000    1.01000E+07    8295.19    3.55773E-20    3.12837
  4    7.86000E-10   0.718000    4.10000E-02    423000.    4.20000    1.07000E+07    8414.31    3.50737E-20    3.13149
  3    8.57000E-10   0.677000   0.747000    5.84000E+07   0.284000    1.17000E+06    8570.40    3.44349E-20    3.13552
  2    9.46000E-10   0.732000   0.519000    6.01000E+07   0.279000    9.97000E+06    8795.33    3.35543E-20    3.14122
  1    2.76000E-10   0.726000  0.    1.00000  0.    1.00000    9193.60    3.21007E-20    3.15097
