 i         r         g        b
   0    0.00000    0.00000    0.00000
   1    0.01176    0.00000    0.00000
   2    0.02353    0.00000    0.00000
   3    0.03529    0.00000    0.00000
   4    0.04706    0.00000    0.00000
   5    0.05882    0.00000    0.00000
   6    0.07059    0.00000    0.00000
   7    0.08235    0.00000    0.00000
   8    0.09412    0.00000    0.00000
   9    0.10588    0.00000    0.00000
  10    0.11765    0.00000    0.00000
  11    0.12941    0.00000    0.00000
  12    0.14118    0.00000    0.00000
  13    0.15294    0.00000    0.00000
  14    0.16471    0.00000    0.00000
  15    0.17647    0.00000    0.00000
  16    0.18824    0.00000    0.00000
  17    0.20000    0.00000    0.00000
  18    0.21176    0.00000    0.00000
  19    0.22353    0.00000    0.00000
  20    0.23529    0.00000    0.00000
  21    0.24706    0.00000    0.00000
  22    0.25882    0.00000    0.00000
  23    0.27059    0.00000    0.00000
  24    0.28235    0.00000    0.00000
  25    0.29412    0.00000    0.00000
  26    0.30588    0.00000    0.00000
  27    0.31765    0.00000    0.00000
  28    0.32941    0.00000    0.00000
  29    0.34118    0.00000    0.00000
  30    0.35294    0.00000    0.00000
  31    0.36471    0.00000    0.00000
  32    0.37647    0.00000    0.00000
  33    0.38824    0.00000    0.00000
  34    0.40000    0.00000    0.00000
  35    0.41176    0.00000    0.00000
  36    0.42353    0.00000    0.00000
  37    0.43529    0.00000    0.00000
  38    0.44706    0.00000    0.00000
  39    0.45882    0.00000    0.00000
  40    0.47059    0.00000    0.00000
  41    0.48235    0.00000    0.00000
  42    0.49412    0.00000    0.00000
  43    0.50588    0.00000    0.00000
  44    0.51765    0.00000    0.00000
  45    0.52941    0.00000    0.00000
  46    0.54118    0.00000    0.00000
  47    0.55294    0.00000    0.00000
  48    0.56471    0.00000    0.00000
  49    0.57647    0.00000    0.00000
  50    0.58824    0.00000    0.00000
  51    0.60000    0.00000    0.00000
  52    0.61176    0.00000    0.00000
  53    0.62353    0.00000    0.00000
  54    0.63529    0.00000    0.00000
  55    0.64706    0.00000    0.00000
  56    0.65882    0.00000    0.00000
  57    0.67059    0.00000    0.00000
  58    0.68235    0.00000    0.00000
  59    0.69412    0.00000    0.00000
  60    0.70588    0.00000    0.00000
  61    0.71765    0.00000    0.00000
  62    0.72941    0.00000    0.00000
  63    0.74118    0.00000    0.00000
  64    0.75294    0.00000    0.00000
  65    0.76471    0.00000    0.00000
  66    0.77647    0.00000    0.00000
  67    0.78824    0.00000    0.00000
  68    0.80000    0.00000    0.00000
  69    0.81176    0.00000    0.00000
  70    0.82353    0.00000    0.00000
  71    0.83529    0.00000    0.00000
  72    0.84706    0.00000    0.00000
  73    0.85882    0.00000    0.00000
  74    0.87059    0.00000    0.00000
  75    0.88235    0.00000    0.00000
  76    0.89412    0.00000    0.00000
  77    0.90588    0.00000    0.00000
  78    0.91765    0.00000    0.00000
  79    0.92941    0.00000    0.00000
  80    0.94118    0.00000    0.00000
  81    0.95294    0.00000    0.00000
  82    0.96471    0.00000    0.00000
  83    0.97647    0.00000    0.00000
  84    0.98824    0.00000    0.00000
  85    1.00000    0.00000    0.00000
  86    1.00000    0.01176    0.00000
  87    1.00000    0.02353    0.00000
  88    1.00000    0.03529    0.00000
  89    1.00000    0.04706    0.00000
  90    1.00000    0.05882    0.00000
  91    1.00000    0.07059    0.00000
  92    1.00000    0.08235    0.00000
  93    1.00000    0.09412    0.00000
  94    1.00000    0.10588    0.00000
  95    1.00000    0.11765    0.00000
  96    1.00000    0.12941    0.00000
  97    1.00000    0.14118    0.00000
  98    1.00000    0.15294    0.00000
  99    1.00000    0.16471    0.00000
 100    1.00000    0.17647    0.00000
 101    1.00000    0.18824    0.00000
 102    1.00000    0.20000    0.00000
 103    1.00000    0.21176    0.00000
 104    1.00000    0.22353    0.00000
 105    1.00000    0.23529    0.00000
 106    1.00000    0.24706    0.00000
 107    1.00000    0.25882    0.00000
 108    1.00000    0.27059    0.00000
 109    1.00000    0.28235    0.00000
 110    1.00000    0.29412    0.00000
 111    1.00000    0.30588    0.00000
 112    1.00000    0.31765    0.00000
 113    1.00000    0.32941    0.00000
 114    1.00000    0.34118    0.00000
 115    1.00000    0.35294    0.00000
 116    1.00000    0.36471    0.00000
 117    1.00000    0.37647    0.00000
 118    1.00000    0.38824    0.00000
 119    1.00000    0.40000    0.00000
 120    1.00000    0.41176    0.00000
 121    1.00000    0.42353    0.00000
 122    1.00000    0.43529    0.00000
 123    1.00000    0.44706    0.00000
 124    1.00000    0.45882    0.00000
 125    1.00000    0.47059    0.00000
 126    1.00000    0.48235    0.00000
 127    1.00000    0.49412    0.00000
 128    1.00000    0.50588    0.00000
 129    1.00000    0.51765    0.00000
 130    1.00000    0.52941    0.00000
 131    1.00000    0.54118    0.00000
 132    1.00000    0.55294    0.00000
 133    1.00000    0.56471    0.00000
 134    1.00000    0.57647    0.00000
 135    1.00000    0.58824    0.00000
 136    1.00000    0.60000    0.00000
 137    1.00000    0.61176    0.00000
 138    1.00000    0.62353    0.00000
 139    1.00000    0.63529    0.00000
 140    1.00000    0.64706    0.00000
 141    1.00000    0.65882    0.00000
 142    1.00000    0.67059    0.00000
 143    1.00000    0.68235    0.00000
 144    1.00000    0.69412    0.00000
 145    1.00000    0.70588    0.00000
 146    1.00000    0.71765    0.00000
 147    1.00000    0.72941    0.00000
 148    1.00000    0.74118    0.00000
 149    1.00000    0.75294    0.00000
 150    1.00000    0.76471    0.00000
 151    1.00000    0.77647    0.00000
 152    1.00000    0.78824    0.00000
 153    1.00000    0.80000    0.00000
 154    1.00000    0.81176    0.00000
 155    1.00000    0.82353    0.00000
 156    1.00000    0.83529    0.00000
 157    1.00000    0.84706    0.00000
 158    1.00000    0.85882    0.00000
 159    1.00000    0.87059    0.00000
 160    1.00000    0.88235    0.00000
 161    1.00000    0.89412    0.00000
 162    1.00000    0.90588    0.00000
 163    1.00000    0.91765    0.00000
 164    1.00000    0.92941    0.00000
 165    1.00000    0.94118    0.00000
 166    1.00000    0.95294    0.00000
 167    1.00000    0.96471    0.00000
 168    1.00000    0.97647    0.00000
 169    1.00000    0.98824    0.00000
 170    1.00000    1.00000    0.00000
 171    1.00000    1.00000    0.01176
 172    1.00000    1.00000    0.02353
 173    1.00000    1.00000    0.03529
 174    1.00000    1.00000    0.04706
 175    1.00000    1.00000    0.05882
 176    1.00000    1.00000    0.07059
 177    1.00000    1.00000    0.08235
 178    1.00000    1.00000    0.09412
 179    1.00000    1.00000    0.10588
 180    1.00000    1.00000    0.11765
 181    1.00000    1.00000    0.12941
 182    1.00000    1.00000    0.14118
 183    1.00000    1.00000    0.15294
 184    1.00000    1.00000    0.16471
 185    1.00000    1.00000    0.17647
 186    1.00000    1.00000    0.18824
 187    1.00000    1.00000    0.20000
 188    1.00000    1.00000    0.21176
 189    1.00000    1.00000    0.22353
 190    1.00000    1.00000    0.23529
 191    1.00000    1.00000    0.24706
 192    1.00000    1.00000    0.25882
 193    1.00000    1.00000    0.27059
 194    1.00000    1.00000    0.28235
 195    1.00000    1.00000    0.29412
 196    1.00000    1.00000    0.30588
 197    1.00000    1.00000    0.31765
 198    1.00000    1.00000    0.32941
 199    1.00000    1.00000    0.34118
 200    1.00000    1.00000    0.35294
 201    1.00000    1.00000    0.36471
 202    1.00000    1.00000    0.37647
 203    1.00000    1.00000    0.38824
 204    1.00000    1.00000    0.40000
 205    1.00000    1.00000    0.41176
 206    1.00000    1.00000    0.42353
 207    1.00000    1.00000    0.43529
 208    1.00000    1.00000    0.44706
 209    1.00000    1.00000    0.45882
 210    1.00000    1.00000    0.47059
 211    1.00000    1.00000    0.48235
 212    1.00000    1.00000    0.49412
 213    1.00000    1.00000    0.50588
 214    1.00000    1.00000    0.51765
 215    1.00000    1.00000    0.52941
 216    1.00000    1.00000    0.54118
 217    1.00000    1.00000    0.55294
 218    1.00000    1.00000    0.56471
 219    1.00000    1.00000    0.57647
 220    1.00000    1.00000    0.58824
 221    1.00000    1.00000    0.60000
 222    1.00000    1.00000    0.61176
 223    1.00000    1.00000    0.62353
 224    1.00000    1.00000    0.63529
 225    1.00000    1.00000    0.64706
 226    1.00000    1.00000    0.65882
 227    1.00000    1.00000    0.67059
 228    1.00000    1.00000    0.68235
 229    1.00000    1.00000    0.69412
 230    1.00000    1.00000    0.70588
 231    1.00000    1.00000    0.71765
 232    1.00000    1.00000    0.72941
 233    1.00000    1.00000    0.74118
 234    1.00000    1.00000    0.75294
 235    1.00000    1.00000    0.76471
 236    1.00000    1.00000    0.77647
 237    1.00000    1.00000    0.78824
 238    1.00000    1.00000    0.80000
 239    1.00000    1.00000    0.81176
 240    1.00000    1.00000    0.82353
 241    1.00000    1.00000    0.83529
 242    1.00000    1.00000    0.84706
 243    1.00000    1.00000    0.85882
 244    1.00000    1.00000    0.87059
 245    1.00000    1.00000    0.88235
 246    1.00000    1.00000    0.89412
 247    1.00000    1.00000    0.90588
 248    1.00000    1.00000    0.91765
 249    1.00000    1.00000    0.92941
 250    1.00000    1.00000    0.94118
 251    1.00000    1.00000    0.95294
 252    1.00000    1.00000    0.96471
 253    1.00000    1.00000    0.97647
 254    1.00000    1.00000    0.98824
 255    1.00000    1.00000    1.00000
